# Force coefficients
# liftDir     : (-8.715597e-02 9.961947e-01 0.000000e+00)
# dragDir     : (9.961947e-01 8.715597e-02 0.000000e+00)
# pitchAxis   : (0.000000e+00 0.000000e+00 1.000000e+00)
# magUInf     : 2.600000e+01
# lRef        : 1.000000e+00
# Aref        : 1.000000e-01
# CofR        : (2.500000e-01 0.000000e+00 0.000000e+00)
# Time        	Cm            	Cd            	Cl            	Cl(f)         	Cl(r)         
0             	4.539299e-04	2.432956e-02	6.716444e-04	7.897521e-04	-1.181077e-04
1             	1.893214e+01	1.940419e+01	5.196061e+01	4.491245e+01	7.048161e+00
2             	1.280264e+01	1.225574e+01	3.576156e+01	3.068342e+01	5.078147e+00
3             	-1.859856e+00	-2.619460e+00	-4.886898e+00	-4.303305e+00	-5.835934e-01
4             	-8.658605e+00	-8.596487e+00	-2.443238e+01	-2.087479e+01	-3.557584e+00
5             	-5.867481e+00	-5.001345e+00	-1.701855e+01	-1.437676e+01	-2.641794e+00
6             	1.338798e+00	2.061430e+00	3.670239e+00	3.173917e+00	4.963218e-01
7             	4.815047e+00	4.709951e+00	1.411472e+01	1.187241e+01	2.242314e+00
8             	3.277492e+00	2.639063e+00	9.956403e+00	8.255693e+00	1.700710e+00
9             	-8.537690e-01	-1.280464e+00	-2.096664e+00	-1.902101e+00	-1.945630e-01
10            	-2.740288e+00	-2.599561e+00	-7.812162e+00	-6.646369e+00	-1.165793e+00
11            	-1.824478e+00	-1.280493e+00	-5.238402e+00	-4.443678e+00	-7.947231e-01
12            	4.771047e-01	8.667361e-01	1.491913e+00	1.223061e+00	2.688519e-01
13            	1.636851e+00	1.571687e+00	4.905092e+00	4.089397e+00	8.156954e-01
14            	1.178260e+00	8.008263e-01	3.533742e+00	2.945131e+00	5.886114e-01
15            	-9.921901e-02	-4.122136e-01	-2.174452e-01	-2.079416e-01	-9.503613e-03
16            	-8.229062e-01	-8.108433e-01	-2.262292e+00	-1.954052e+00	-3.082397e-01
17            	-6.293100e-01	-3.660311e-01	-1.596816e+00	-1.427718e+00	-1.690980e-01
18            	5.071852e-02	3.160323e-01	4.316688e-01	2.665529e-01	1.651159e-01
19            	4.876761e-01	5.447897e-01	1.641715e+00	1.308534e+00	3.331816e-01
20            	4.428760e-01	3.014600e-01	1.415062e+00	1.150407e+00	2.646549e-01
21            	1.054563e-01	-7.757652e-02	3.845778e-01	2.977452e-01	8.683266e-02
22            	-1.661798e-01	-2.207182e-01	-3.552701e-01	-3.438148e-01	-1.145528e-02
23            	-1.733539e-01	-1.005016e-01	-3.099474e-01	-3.283276e-01	1.838018e-02
24            	-1.544450e-02	1.189434e-01	2.081552e-01	8.863312e-02	1.195221e-01
25            	1.339437e-01	2.075414e-01	6.294956e-01	4.486915e-01	1.808041e-01
26            	1.659122e-01	1.424126e-01	6.734670e-01	5.026458e-01	1.708213e-01
27            	1.016333e-01	2.683000e-02	4.505168e-01	3.268917e-01	1.236251e-01
28            	1.758393e-02	-2.915604e-02	2.118186e-01	1.234932e-01	8.832536e-02
29            	-1.695012e-02	-3.271268e-03	1.423173e-01	5.420851e-02	8.810876e-02
30            	1.617588e-03	5.565514e-02	2.243402e-01	1.137877e-01	1.105525e-01
31            	4.780628e-02	9.170332e-02	3.648977e-01	2.302551e-01	1.346426e-01
32            	7.625484e-02	8.381303e-02	4.361163e-01	2.943130e-01	1.418033e-01
33            	7.929335e-02	5.698259e-02	4.317953e-01	2.951910e-01	1.366043e-01
34            	5.962703e-02	3.422811e-02	3.686732e-01	2.439637e-01	1.247096e-01
35            	3.688737e-02	3.263337e-02	3.097440e-01	1.917594e-01	1.179846e-01
36            	2.751593e-02	4.501637e-02	2.948044e-01	1.749181e-01	1.198863e-01
37            	3.374394e-02	5.600426e-02	3.206375e-01	1.940627e-01	1.265748e-01
38            	4.642331e-02	5.933299e-02	3.590397e-01	2.259432e-01	1.330966e-01
39            	6.080508e-02	5.693611e-02	3.969314e-01	2.592708e-01	1.376606e-01
40            	6.305241e-02	5.295637e-02	4.013690e-01	2.637369e-01	1.376321e-01
41            	5.729608e-02	4.999658e-02	3.855219e-01	2.500570e-01	1.354649e-01
42            	4.692390e-02	4.856570e-02	3.607125e-01	2.272802e-01	1.334324e-01
43            	3.932412e-02	4.860379e-02	3.455103e-01	2.120793e-01	1.334310e-01
44            	3.824606e-02	4.902162e-02	3.465161e-01	2.115041e-01	1.350120e-01
45            	4.190161e-02	4.974322e-02	3.584615e-01	2.211324e-01	1.373292e-01
46            	5.095797e-02	5.148766e-02	3.829564e-01	2.424362e-01	1.405202e-01
47            	5.543665e-02	5.247154e-02	3.946148e-01	2.527441e-01	1.418708e-01
48            	5.621089e-02	5.290364e-02	3.973653e-01	2.548936e-01	1.424718e-01
49            	5.402339e-02	5.282642e-02	3.944850e-01	2.512659e-01	1.432191e-01
50            	4.944271e-02	5.153874e-02	3.864510e-01	2.426682e-01	1.437828e-01
51            	4.631320e-02	5.005616e-02	3.811430e-01	2.368847e-01	1.442583e-01
52            	4.549695e-02	4.918999e-02	3.804456e-01	2.357197e-01	1.447258e-01
53            	4.667370e-02	4.909829e-02	3.845278e-01	2.389376e-01	1.455902e-01
54            	4.882388e-02	4.991894e-02	3.913064e-01	2.444771e-01	1.468293e-01
55            	5.126625e-02	5.130052e-02	3.995945e-01	2.510635e-01	1.485310e-01
56            	5.220681e-02	5.204946e-02	4.041351e-01	2.542743e-01	1.498607e-01
57            	5.214683e-02	5.213807e-02	4.062116e-01	2.552526e-01	1.509590e-01
58            	5.120867e-02	5.152835e-02	4.061793e-01	2.542983e-01	1.518810e-01
59            	5.034463e-02	5.085119e-02	4.055872e-01	2.531382e-01	1.524490e-01
60            	4.955977e-02	5.020400e-02	4.050532e-01	2.520864e-01	1.529668e-01
61            	4.912957e-02	4.982727e-02	4.053804e-01	2.518197e-01	1.535606e-01
62            	4.907207e-02	4.977647e-02	4.067833e-01	2.524637e-01	1.543196e-01
63            	4.935810e-02	4.998706e-02	4.094154e-01	2.540658e-01	1.553496e-01
64            	5.002799e-02	5.048383e-02	4.136158e-01	2.568359e-01	1.567799e-01
65            	5.077264e-02	5.099709e-02	4.178732e-01	2.597092e-01	1.581639e-01
66            	5.084809e-02	5.102562e-02	4.184917e-01	2.600939e-01	1.583977e-01
67            	5.111752e-02	5.106445e-02	4.212470e-01	2.617410e-01	1.595060e-01
68            	5.123801e-02	5.093620e-02	4.236363e-01	2.630562e-01	1.605802e-01
69            	5.127893e-02	5.070328e-02	4.257052e-01	2.641315e-01	1.615737e-01
70            	5.127648e-02	5.063757e-02	4.261948e-01	2.643739e-01	1.618209e-01
71            	5.122761e-02	5.036022e-02	4.287142e-01	2.655847e-01	1.631295e-01
72            	5.117212e-02	5.021254e-02	4.310767e-01	2.667105e-01	1.643662e-01
73            	5.114879e-02	5.019340e-02	4.316118e-01	2.669547e-01	1.646571e-01
74            	5.114580e-02	5.027203e-02	4.339498e-01	2.681207e-01	1.658291e-01
75            	5.122698e-02	5.040797e-02	4.365321e-01	2.694930e-01	1.670391e-01
76            	5.140809e-02	5.056790e-02	4.391727e-01	2.709944e-01	1.681782e-01
77            	5.144927e-02	5.057940e-02	4.398305e-01	2.713645e-01	1.684660e-01
78            	5.173399e-02	5.064679e-02	4.427015e-01	2.730847e-01	1.696167e-01
79            	5.202241e-02	5.065189e-02	4.454957e-01	2.747703e-01	1.707255e-01
80            	5.229347e-02	5.062146e-02	4.480729e-01	2.763299e-01	1.717430e-01
81            	5.234390e-02	5.059213e-02	4.487577e-01	2.767228e-01	1.720350e-01
82            	5.253751e-02	5.050454e-02	4.515565e-01	2.783157e-01	1.732407e-01
83            	5.270956e-02	5.042956e-02	4.544254e-01	2.799223e-01	1.745031e-01
84            	5.287866e-02	5.040963e-02	4.571396e-01	2.814485e-01	1.756912e-01
85            	5.290501e-02	5.040405e-02	4.578152e-01	2.818126e-01	1.760026e-01
86            	5.303741e-02	5.045667e-02	4.605146e-01	2.832947e-01	1.772199e-01
87            	5.316952e-02	5.051357e-02	4.632143e-01	2.847767e-01	1.784376e-01
88            	5.332218e-02	5.057334e-02	4.657987e-01	2.862215e-01	1.795772e-01
89            	5.335527e-02	5.057210e-02	4.665833e-01	2.866469e-01	1.799364e-01
90            	5.353179e-02	5.058620e-02	4.694565e-01	2.882600e-01	1.811965e-01
91            	5.372549e-02	5.058137e-02	4.723782e-01	2.899146e-01	1.824636e-01
92            	5.393697e-02	5.057802e-02	4.751711e-01	2.915225e-01	1.836486e-01
93            	5.397584e-02	5.056316e-02	4.759158e-01	2.919337e-01	1.839821e-01
94            	5.416012e-02	5.053355e-02	4.789225e-01	2.936214e-01	1.853011e-01
95            	5.433963e-02	5.050458e-02	4.819499e-01	2.953146e-01	1.866353e-01
96            	5.452918e-02	5.050015e-02	4.847938e-01	2.969261e-01	1.878677e-01
97            	5.456400e-02	5.049173e-02	4.855344e-01	2.973312e-01	1.882032e-01
98            	5.473953e-02	5.049784e-02	4.884872e-01	2.989831e-01	1.895041e-01
99            	5.491868e-02	5.050754e-02	4.914266e-01	3.006320e-01	1.907946e-01
100           	5.511396e-02	5.053247e-02	4.941912e-01	3.022096e-01	1.919817e-01
101           	5.514673e-02	5.052642e-02	4.948971e-01	3.025953e-01	1.923018e-01
102           	5.531764e-02	5.052352e-02	4.978626e-01	3.042489e-01	1.936137e-01
103           	5.547544e-02	5.050802e-02	5.008410e-01	3.058960e-01	1.949451e-01
104           	5.562784e-02	5.049629e-02	5.036391e-01	3.074474e-01	1.961917e-01
105           	5.564114e-02	5.047952e-02	5.043027e-01	3.077925e-01	1.965102e-01
106           	5.570769e-02	5.042356e-02	5.072085e-01	3.093119e-01	1.978965e-01
107           	5.574571e-02	5.036072e-02	5.100489e-01	3.107701e-01	1.992787e-01
108           	5.578253e-02	5.031420e-02	5.126183e-01	3.120917e-01	2.005266e-01
109           	5.577438e-02	5.029336e-02	5.131888e-01	3.123688e-01	2.008200e-01
110           	5.575962e-02	5.022469e-02	5.157106e-01	3.136149e-01	2.020957e-01
111           	5.574097e-02	5.015452e-02	5.181957e-01	3.148388e-01	2.033569e-01
112           	5.574702e-02	5.010116e-02	5.204954e-01	3.159947e-01	2.045007e-01
113           	5.573781e-02	5.007904e-02	5.210163e-01	3.162460e-01	2.047704e-01
114           	5.573759e-02	5.000002e-02	5.235104e-01	3.174928e-01	2.060176e-01
115           	5.573683e-02	4.991840e-02	5.260376e-01	3.187556e-01	2.072820e-01
116           	5.571778e-02	4.988429e-02	5.267404e-01	3.190880e-01	2.076524e-01
117           	5.568829e-02	4.977111e-02	5.296568e-01	3.205167e-01	2.091401e-01
118           	5.565452e-02	4.967454e-02	5.323307e-01	3.218199e-01	2.105108e-01
119           	5.562805e-02	4.964436e-02	5.328804e-01	3.220683e-01	2.108122e-01
120           	5.552361e-02	4.953136e-02	5.351492e-01	3.230982e-01	2.120510e-01
121           	5.539438e-02	4.941519e-02	5.371225e-01	3.239556e-01	2.131668e-01
122           	5.534520e-02	4.937385e-02	5.376027e-01	3.241466e-01	2.134562e-01
123           	5.513553e-02	4.920337e-02	5.394974e-01	3.248842e-01	2.146132e-01
124           	5.492220e-02	4.903909e-02	5.412768e-01	3.255606e-01	2.157162e-01
125           	5.486061e-02	4.899196e-02	5.417398e-01	3.257305e-01	2.160093e-01
126           	5.463374e-02	4.881813e-02	5.436120e-01	3.264397e-01	2.171722e-01
127           	5.455175e-02	4.875456e-02	5.442605e-01	3.266820e-01	2.175785e-01
128           	5.431241e-02	4.855914e-02	5.464731e-01	3.275490e-01	2.189242e-01
129           	5.422600e-02	4.848941e-02	5.472191e-01	3.278355e-01	2.193835e-01
130           	5.400521e-02	4.830208e-02	5.494014e-01	3.287059e-01	2.206955e-01
131           	5.393169e-02	4.824294e-02	5.500111e-01	3.289372e-01	2.210739e-01
132           	5.371441e-02	4.806620e-02	5.517724e-01	3.296006e-01	2.221718e-01
133           	5.363634e-02	4.800473e-02	5.522835e-01	3.297781e-01	2.225054e-01
134           	5.337441e-02	4.780151e-02	5.537615e-01	3.302552e-01	2.235063e-01
135           	5.327180e-02	4.772313e-02	5.542738e-01	3.304087e-01	2.238651e-01
136           	5.294992e-02	4.748457e-02	5.556425e-01	3.307712e-01	2.248713e-01
137           	5.283277e-02	4.740004e-02	5.561284e-01	3.308970e-01	2.252315e-01
138           	5.249945e-02	4.716846e-02	5.573665e-01	3.311827e-01	2.261838e-01
139           	5.239054e-02	4.709369e-02	5.578015e-01	3.312913e-01	2.265102e-01
140           	5.208970e-02	4.688982e-02	5.589618e-01	3.315706e-01	2.273912e-01
141           	5.184332e-02	4.672591e-02	5.599253e-01	3.318060e-01	2.281193e-01
142           	5.177910e-02	4.668060e-02	5.601982e-01	3.318782e-01	2.283200e-01
143           	5.155699e-02	4.651391e-02	5.611240e-01	3.321190e-01	2.290050e-01
144           	5.133906e-02	4.634524e-02	5.620373e-01	3.323577e-01	2.296796e-01
145           	5.125708e-02	4.627979e-02	5.623827e-01	3.324484e-01	2.299343e-01
146           	5.099313e-02	4.606463e-02	5.634282e-01	3.327072e-01	2.307210e-01
147           	5.074167e-02	4.587004e-02	5.643480e-01	3.329157e-01	2.314323e-01
148           	5.066092e-02	4.581136e-02	5.646264e-01	3.329741e-01	2.316523e-01
149           	5.039792e-02	4.562629e-02	5.654126e-01	3.331042e-01	2.323084e-01
150           	5.015172e-02	4.546096e-02	5.660806e-01	3.331920e-01	2.328886e-01
151           	5.007111e-02	4.540563e-02	5.663015e-01	3.332219e-01	2.330796e-01
152           	4.980458e-02	4.522068e-02	5.669448e-01	3.332770e-01	2.336678e-01
153           	4.954956e-02	4.504392e-02	5.675205e-01	3.333098e-01	2.342107e-01
154           	4.946831e-02	4.498608e-02	5.677160e-01	3.333263e-01	2.343897e-01
155           	4.919510e-02	4.478734e-02	5.683062e-01	3.333482e-01	2.349580e-01
156           	4.894283e-02	4.460755e-02	5.688359e-01	3.333608e-01	2.354751e-01
157           	4.886837e-02	4.455439e-02	5.690079e-01	3.333723e-01	2.356356e-01
158           	4.861464e-02	4.437501e-02	5.695383e-01	3.333838e-01	2.361545e-01
159           	4.837739e-02	4.421203e-02	5.700061e-01	3.333805e-01	2.366257e-01
160           	4.830360e-02	4.416101e-02	5.701610e-01	3.333841e-01	2.367769e-01
161           	4.805443e-02	4.398689e-02	5.706038e-01	3.333564e-01	2.372475e-01
162           	4.782224e-02	4.382564e-02	5.709825e-01	3.333135e-01	2.376690e-01
163           	4.775337e-02	4.377617e-02	5.711060e-01	3.333064e-01	2.377996e-01
164           	4.751277e-02	4.360184e-02	5.714628e-01	3.332442e-01	2.382186e-01
165           	4.728824e-02	4.344105e-02	5.717729e-01	3.331747e-01	2.385982e-01
166           	4.722254e-02	4.339348e-02	5.718806e-01	3.331628e-01	2.387178e-01
167           	4.699142e-02	4.322658e-02	5.721919e-01	3.330874e-01	2.391045e-01
168           	4.677604e-02	4.307472e-02	5.724644e-01	3.330082e-01	2.394561e-01
169           	4.671249e-02	4.302933e-02	5.725600e-01	3.329925e-01	2.395675e-01
170           	4.649010e-02	4.287216e-02	5.728227e-01	3.329014e-01	2.399212e-01
171           	4.628258e-02	4.272811e-02	5.730421e-01	3.328036e-01	2.402384e-01
172           	4.622246e-02	4.268557e-02	5.731198e-01	3.327823e-01	2.403374e-01
173           	4.600919e-02	4.253454e-02	5.733231e-01	3.326707e-01	2.406524e-01
174           	4.581026e-02	4.239547e-02	5.734933e-01	3.325569e-01	2.409364e-01
175           	4.575241e-02	4.235402e-02	5.735570e-01	3.325309e-01	2.410261e-01
176           	4.554711e-02	4.220681e-02	5.737229e-01	3.324086e-01	2.413143e-01
177           	4.535525e-02	4.207092e-02	5.738621e-01	3.322863e-01	2.415758e-01
178           	4.530053e-02	4.203164e-02	5.739172e-01	3.322591e-01	2.416581e-01
179           	4.510295e-02	4.189017e-02	5.740577e-01	3.321318e-01	2.419259e-01
180           	4.491828e-02	4.176086e-02	5.741758e-01	3.320062e-01	2.421696e-01
181           	4.486575e-02	4.172360e-02	5.742231e-01	3.319773e-01	2.422458e-01
182           	4.467360e-02	4.158962e-02	5.743345e-01	3.318409e-01	2.424937e-01
183           	4.449251e-02	4.146600e-02	5.744193e-01	3.317022e-01	2.427171e-01
184           	4.444199e-02	4.143096e-02	5.744566e-01	3.316703e-01	2.427863e-01
185           	4.425448e-02	4.130157e-02	5.745308e-01	3.315199e-01	2.430109e-01
186           	4.407983e-02	4.118251e-02	5.745876e-01	3.313736e-01	2.432140e-01
187           	4.403232e-02	4.114908e-02	5.746186e-01	3.313416e-01	2.432770e-01
188           	4.385565e-02	4.102517e-02	5.746827e-01	3.311970e-01	2.434857e-01
189           	4.369102e-02	4.091073e-02	5.747368e-01	3.310594e-01	2.436774e-01
190           	4.364668e-02	4.087929e-02	5.747677e-01	3.310305e-01	2.437371e-01
191           	4.347888e-02	4.076074e-02	5.748357e-01	3.308967e-01	2.439390e-01
192           	4.332194e-02	4.065197e-02	5.748936e-01	3.307688e-01	2.441249e-01
193           	4.327957e-02	4.062206e-02	5.749230e-01	3.307411e-01	2.441819e-01
194           	4.311733e-02	4.050957e-02	5.749852e-01	3.306099e-01	2.443753e-01
195           	4.305826e-02	4.046834e-02	5.750294e-01	3.305730e-01	2.444565e-01
196           	4.287590e-02	4.034086e-02	5.751137e-01	3.304328e-01	2.446810e-01
197           	4.271380e-02	4.023026e-02	5.751562e-01	3.302919e-01	2.448643e-01
198           	4.268025e-02	4.020698e-02	5.751718e-01	3.302661e-01	2.449056e-01
199           	4.262934e-02	4.017101e-02	5.751976e-01	3.302281e-01	2.449695e-01
200           	4.244885e-02	4.004425e-02	5.752661e-01	3.300819e-01	2.451842e-01
201           	4.228480e-02	3.993049e-02	5.753177e-01	3.299437e-01	2.453741e-01
202           	4.224765e-02	3.990446e-02	5.753375e-01	3.299164e-01	2.454211e-01
203           	4.219663e-02	3.986777e-02	5.753665e-01	3.298799e-01	2.454866e-01
204           	4.202543e-02	3.974556e-02	5.754436e-01	3.297472e-01	2.456964e-01
205           	4.187558e-02	3.964212e-02	5.755054e-01	3.296283e-01	2.458771e-01
206           	4.184444e-02	3.962103e-02	5.755273e-01	3.296081e-01	2.459192e-01
207           	4.180106e-02	3.959130e-02	5.755622e-01	3.295821e-01	2.459800e-01
208           	4.164947e-02	3.948719e-02	5.756718e-01	3.294854e-01	2.461864e-01
209           	4.151075e-02	3.939256e-02	5.757621e-01	3.293918e-01	2.463703e-01
210           	4.147939e-02	3.937083e-02	5.757874e-01	3.293731e-01	2.464143e-01
211           	4.143547e-02	3.933907e-02	5.758228e-01	3.293469e-01	2.464759e-01
212           	4.128689e-02	3.923055e-02	5.759320e-01	3.292529e-01	2.466791e-01
213           	4.123404e-02	3.919299e-02	5.759873e-01	3.292277e-01	2.467596e-01
214           	4.109204e-02	3.909194e-02	5.761030e-01	3.291436e-01	2.469595e-01
215           	4.105352e-02	3.906572e-02	5.761407e-01	3.291239e-01	2.470168e-01
216           	4.100644e-02	3.903365e-02	5.761882e-01	3.291006e-01	2.470877e-01
217           	4.086390e-02	3.893587e-02	5.763112e-01	3.290195e-01	2.472917e-01
218           	4.081923e-02	3.890620e-02	5.763603e-01	3.289994e-01	2.473609e-01
219           	4.076731e-02	3.887039e-02	5.764211e-01	3.289779e-01	2.474432e-01
220           	4.062668e-02	3.877083e-02	5.765710e-01	3.289122e-01	2.476588e-01
221           	4.058691e-02	3.874366e-02	5.766196e-01	3.288967e-01	2.477229e-01
222           	4.054436e-02	3.871395e-02	5.766753e-01	3.288820e-01	2.477933e-01
223           	4.049099e-02	3.867555e-02	5.767557e-01	3.288688e-01	2.478869e-01
224           	4.035576e-02	3.857619e-02	5.769620e-01	3.288368e-01	2.481253e-01
225           	4.031689e-02	3.854964e-02	5.770244e-01	3.288291e-01	2.481953e-01
226           	4.027970e-02	3.852424e-02	5.770857e-01	3.288225e-01	2.482631e-01
227           	4.023497e-02	3.849310e-02	5.771661e-01	3.288180e-01	2.483481e-01
228           	4.011830e-02	3.840931e-02	5.773882e-01	3.288124e-01	2.485758e-01
229           	4.008716e-02	3.838848e-02	5.774487e-01	3.288115e-01	2.486372e-01
230           	4.005613e-02	3.836732e-02	5.775121e-01	3.288122e-01	2.486999e-01
231           	4.001774e-02	3.834006e-02	5.775977e-01	3.288166e-01	2.487811e-01
232           	3.991569e-02	3.826418e-02	5.778438e-01	3.288376e-01	2.490062e-01
233           	3.988679e-02	3.824443e-02	5.779126e-01	3.288431e-01	2.490695e-01
234           	3.985885e-02	3.822503e-02	5.779831e-01	3.288504e-01	2.491327e-01
235           	3.982590e-02	3.820113e-02	5.780748e-01	3.288633e-01	2.492115e-01
236           	3.978792e-02	3.817232e-02	5.781966e-01	3.288862e-01	2.493104e-01
237           	3.969666e-02	3.809815e-02	5.785411e-01	3.289672e-01	2.495739e-01
238           	3.967484e-02	3.808326e-02	5.786187e-01	3.289842e-01	2.496345e-01
239           	3.965705e-02	3.807140e-02	5.786831e-01	3.289986e-01	2.496845e-01
240           	3.963746e-02	3.805835e-02	5.787620e-01	3.290185e-01	2.497436e-01
241           	3.961359e-02	3.804121e-02	5.788691e-01	3.290481e-01	2.498210e-01
242           	3.955483e-02	3.799302e-02	5.792097e-01	3.291597e-01	2.500500e-01
243           	3.953747e-02	3.798072e-02	5.793005e-01	3.291877e-01	2.501128e-01
244           	3.952212e-02	3.796932e-02	5.793910e-01	3.292176e-01	2.501734e-01
245           	3.950530e-02	3.795569e-02	5.795004e-01	3.292555e-01	2.502449e-01
246           	3.948704e-02	3.793967e-02	5.796355e-01	3.293048e-01	2.503307e-01
247           	3.944759e-02	3.789731e-02	5.800448e-01	3.294700e-01	2.505748e-01
248           	3.943712e-02	3.788970e-02	5.801317e-01	3.295030e-01	2.506287e-01
249           	3.942838e-02	3.788377e-02	5.802092e-01	3.295330e-01	2.506762e-01
250           	3.941945e-02	3.787781e-02	5.803044e-01	3.295716e-01	2.507328e-01
251           	3.940251e-02	3.786036e-02	5.806346e-01	3.297198e-01	2.509148e-01
252           	3.939672e-02	3.785636e-02	5.807189e-01	3.297562e-01	2.509627e-01
253           	3.939174e-02	3.785148e-02	5.808166e-01	3.298001e-01	2.510166e-01
254           	3.938846e-02	3.783683e-02	5.811792e-01	3.299781e-01	2.512012e-01
255           	3.938601e-02	3.783377e-02	5.812602e-01	3.300161e-01	2.512441e-01
256           	3.938470e-02	3.783072e-02	5.813563e-01	3.300628e-01	2.512934e-01
257           	3.939193e-02	3.782127e-02	5.817209e-01	3.302524e-01	2.514685e-01
258           	3.939252e-02	3.782000e-02	5.818123e-01	3.302986e-01	2.515136e-01
259           	3.939481e-02	3.781890e-02	5.819248e-01	3.303572e-01	2.515676e-01
260           	3.941568e-02	3.781847e-02	5.823351e-01	3.305832e-01	2.517519e-01
261           	3.941948e-02	3.781941e-02	5.824337e-01	3.306363e-01	2.517974e-01
262           	3.942550e-02	3.782116e-02	5.825504e-01	3.307007e-01	2.518497e-01
263           	3.945634e-02	3.782663e-02	5.829742e-01	3.309435e-01	2.520308e-01
264           	3.946244e-02	3.782881e-02	5.830726e-01	3.309987e-01	2.520739e-01
265           	3.947071e-02	3.783099e-02	5.831908e-01	3.310661e-01	2.521247e-01
266           	3.950854e-02	3.783858e-02	5.836157e-01	3.313164e-01	2.522993e-01
267           	3.951709e-02	3.784140e-02	5.837232e-01	3.313787e-01	2.523445e-01
268           	3.952891e-02	3.784535e-02	5.838559e-01	3.314569e-01	2.523991e-01
269           	3.957752e-02	3.785808e-02	5.843251e-01	3.317401e-01	2.525850e-01
270           	3.958857e-02	3.786255e-02	5.844383e-01	3.318077e-01	2.526306e-01
271           	3.960276e-02	3.786777e-02	5.845743e-01	3.318899e-01	2.526844e-01
272           	3.965921e-02	3.788500e-02	5.850553e-01	3.321869e-01	2.528685e-01
273           	3.967248e-02	3.789023e-02	5.851738e-01	3.322594e-01	2.529144e-01
274           	3.972527e-02	3.790728e-02	5.856018e-01	3.325262e-01	2.530756e-01
275           	3.973513e-02	3.791147e-02	5.856873e-01	3.325788e-01	2.531085e-01
276           	3.975026e-02	3.791730e-02	5.858088e-01	3.326546e-01	2.531541e-01
277           	3.980961e-02	3.793525e-02	5.862572e-01	3.329382e-01	2.533190e-01
278           	3.986662e-02	3.795371e-02	5.866832e-01	3.332082e-01	2.534750e-01
279           	3.987518e-02	3.795751e-02	5.867538e-01	3.332521e-01	2.535017e-01
280           	3.988841e-02	3.796312e-02	5.868571e-01	3.333170e-01	2.535401e-01
281           	3.995874e-02	3.798599e-02	5.873660e-01	3.336417e-01	2.537242e-01
282           	4.002508e-02	3.800807e-02	5.878317e-01	3.339410e-01	2.538908e-01
283           	4.003747e-02	3.801301e-02	5.879214e-01	3.339982e-01	2.539232e-01
284           	4.005709e-02	3.802028e-02	5.880562e-01	3.340852e-01	2.539710e-01
285           	4.013504e-02	3.804466e-02	5.885762e-01	3.344231e-01	2.541531e-01
286           	4.020861e-02	3.806873e-02	5.890655e-01	3.347414e-01	2.543242e-01
287           	4.022095e-02	3.807362e-02	5.891533e-01	3.347976e-01	2.543557e-01
288           	4.023936e-02	3.808057e-02	5.892825e-01	3.348806e-01	2.544019e-01
289           	4.032462e-02	3.810675e-02	5.898643e-01	3.352568e-01	2.546075e-01
290           	4.040265e-02	3.813113e-02	5.903895e-01	3.355974e-01	2.547921e-01
291           	4.041644e-02	3.813608e-02	5.904860e-01	3.356594e-01	2.548266e-01
292           	4.043763e-02	3.814329e-02	5.906303e-01	3.357528e-01	2.548775e-01
293           	4.052381e-02	3.816868e-02	5.912038e-01	3.361257e-01	2.550781e-01
294           	4.060623e-02	3.819427e-02	5.917475e-01	3.364800e-01	2.552675e-01
295           	4.062124e-02	3.819961e-02	5.918517e-01	3.365471e-01	2.553046e-01
296           	4.064400e-02	3.820730e-02	5.920085e-01	3.366482e-01	2.553602e-01
297           	4.074276e-02	3.823558e-02	5.926739e-01	3.370797e-01	2.555942e-01
298           	4.083195e-02	3.826154e-02	5.932662e-01	3.374651e-01	2.558012e-01
299           	4.084699e-02	3.826628e-02	5.933706e-01	3.375323e-01	2.558383e-01
300           	4.086931e-02	3.827292e-02	5.935238e-01	3.376312e-01	2.558926e-01
301           	4.096193e-02	3.829733e-02	5.941486e-01	3.380362e-01	2.561124e-01
302           	4.105112e-02	3.832244e-02	5.947458e-01	3.384240e-01	2.563218e-01
303           	4.106826e-02	3.832777e-02	5.948672e-01	3.385019e-01	2.563653e-01
304           	4.109454e-02	3.833563e-02	5.950536e-01	3.386213e-01	2.564322e-01
305           	4.120285e-02	3.836407e-02	5.958044e-01	3.391051e-01	2.566994e-01
306           	4.129889e-02	3.838974e-02	5.964610e-01	3.395294e-01	2.569316e-01
307           	4.131406e-02	3.839382e-02	5.965712e-01	3.395996e-01	2.569715e-01
308           	4.133591e-02	3.839923e-02	5.967298e-01	3.397008e-01	2.570290e-01
309           	4.143025e-02	3.842028e-02	5.973971e-01	3.401288e-01	2.572683e-01
310           	4.152279e-02	3.844299e-02	5.980431e-01	3.405443e-01	2.574988e-01
311           	4.154147e-02	3.844789e-02	5.981815e-01	3.406322e-01	2.575493e-01
312           	4.157091e-02	3.845549e-02	5.983991e-01	3.407704e-01	2.576286e-01
313           	4.168698e-02	3.848296e-02	5.992316e-01	3.413028e-01	2.579288e-01
314           	4.178821e-02	3.850763e-02	5.999460e-01	3.417612e-01	2.581848e-01
315           	4.180335e-02	3.851099e-02	6.000619e-01	3.418343e-01	2.582276e-01
316           	4.182456e-02	3.851515e-02	6.002263e-01	3.419377e-01	2.582886e-01
317           	4.191906e-02	3.853238e-02	6.009324e-01	3.423852e-01	2.585471e-01
318           	4.201362e-02	3.855206e-02	6.016248e-01	3.428260e-01	2.587988e-01
319           	4.203331e-02	3.855623e-02	6.017785e-01	3.429226e-01	2.588560e-01
320           	4.206524e-02	3.856303e-02	6.020258e-01	3.430781e-01	2.589476e-01
321           	4.218655e-02	3.858795e-02	6.029321e-01	3.436526e-01	2.592795e-01
322           	4.229048e-02	3.861043e-02	6.036960e-01	3.441385e-01	2.595575e-01
323           	4.230536e-02	3.861298e-02	6.038179e-01	3.442143e-01	2.596036e-01
324           	4.232568e-02	3.861583e-02	6.039890e-01	3.443202e-01	2.596688e-01
325           	4.241792e-02	3.862890e-02	6.047252e-01	3.447805e-01	2.599447e-01
326           	4.251254e-02	3.864526e-02	6.054567e-01	3.452409e-01	2.602158e-01
327           	4.253281e-02	3.864854e-02	6.056238e-01	3.453447e-01	2.602791e-01
328           	4.263333e-02	3.866875e-02	6.063733e-01	3.458200e-01	2.605533e-01
329           	4.265629e-02	3.867201e-02	6.065682e-01	3.459404e-01	2.606278e-01
330           	4.275148e-02	3.868650e-02	6.073313e-01	3.464171e-01	2.609142e-01
331           	4.283565e-02	3.869927e-02	6.080078e-01	3.468396e-01	2.611683e-01
332           	4.285121e-02	3.870080e-02	6.081495e-01	3.469260e-01	2.612235e-01
333           	4.293159e-02	3.871119e-02	6.088076e-01	3.473354e-01	2.614722e-01
334           	4.295400e-02	3.871300e-02	6.090164e-01	3.474622e-01	2.615542e-01
335           	4.305127e-02	3.872438e-02	6.098380e-01	3.479703e-01	2.618677e-01
336           	4.314584e-02	3.873897e-02	6.106022e-01	3.484469e-01	2.621552e-01
337           	4.316242e-02	3.874045e-02	6.107514e-01	3.485381e-01	2.622133e-01
338           	4.325575e-02	3.875525e-02	6.114839e-01	3.489977e-01	2.624862e-01
339           	4.327739e-02	3.875638e-02	6.116862e-01	3.491205e-01	2.625657e-01
340           	4.337052e-02	3.876510e-02	6.124831e-01	3.496121e-01	2.628710e-01
341           	4.345794e-02	3.877484e-02	6.132187e-01	3.500673e-01	2.631514e-01
342           	4.347485e-02	3.877570e-02	6.133789e-01	3.501643e-01	2.632146e-01
343           	4.356413e-02	3.878613e-02	6.141239e-01	3.506261e-01	2.634978e-01
344           	4.358617e-02	3.878665e-02	6.143429e-01	3.507576e-01	2.635853e-01
345           	4.367976e-02	3.879344e-02	6.151852e-01	3.512723e-01	2.639128e-01
346           	4.376728e-02	3.880253e-02	6.159457e-01	3.517401e-01	2.642056e-01
347           	4.378288e-02	3.880251e-02	6.161011e-01	3.518334e-01	2.642677e-01
348           	4.386865e-02	3.881127e-02	6.168283e-01	3.522828e-01	2.645455e-01
349           	4.394589e-02	3.881854e-02	6.174925e-01	3.526921e-01	2.648003e-01
350           	4.396028e-02	3.881764e-02	6.176458e-01	3.527832e-01	2.648626e-01
351           	4.403421e-02	3.881825e-02	6.183500e-01	3.532092e-01	2.651408e-01
352           	4.410958e-02	3.882079e-02	6.190556e-01	3.536374e-01	2.654182e-01
353           	4.412714e-02	3.881949e-02	6.192457e-01	3.537500e-01	2.654957e-01
354           	4.421894e-02	3.882526e-02	6.200782e-01	3.542581e-01	2.658202e-01
355           	4.430506e-02	3.883290e-02	6.208441e-01	3.547271e-01	2.661170e-01
356           	4.431998e-02	3.883220e-02	6.210047e-01	3.548223e-01	2.661824e-01
357           	4.439899e-02	3.883627e-02	6.217362e-01	3.552671e-01	2.664691e-01
358           	4.447327e-02	3.883998e-02	6.224218e-01	3.556842e-01	2.667376e-01
359           	4.448881e-02	3.883780e-02	6.225963e-01	3.557870e-01	2.668094e-01
360           	4.456779e-02	3.883681e-02	6.233546e-01	3.562451e-01	2.671095e-01
361           	4.464363e-02	3.883708e-02	6.240790e-01	3.566832e-01	2.673959e-01
362           	4.465901e-02	3.883490e-02	6.242572e-01	3.567876e-01	2.674696e-01
363           	4.473975e-02	3.883549e-02	6.250446e-01	3.572620e-01	2.677826e-01
364           	4.481534e-02	3.883796e-02	6.257716e-01	3.577011e-01	2.680704e-01
365           	4.482936e-02	3.883557e-02	6.259394e-01	3.577990e-01	2.681403e-01
366           	4.490381e-02	3.883496e-02	6.266802e-01	3.582439e-01	2.684363e-01
367           	4.497484e-02	3.883482e-02	6.273813e-01	3.586655e-01	2.687158e-01
368           	4.498993e-02	3.883203e-02	6.275618e-01	3.587709e-01	2.687910e-01
369           	4.506715e-02	3.882919e-02	6.283365e-01	3.592354e-01	2.691011e-01
370           	4.513989e-02	3.882788e-02	6.290575e-01	3.596686e-01	2.693889e-01
371           	4.515341e-02	3.882440e-02	6.292281e-01	3.597675e-01	2.694607e-01
372           	4.522547e-02	3.882050e-02	6.299757e-01	3.602133e-01	2.697624e-01
373           	4.529259e-02	3.881773e-02	6.306712e-01	3.606282e-01	2.700430e-01
374           	4.530609e-02	3.881429e-02	6.308457e-01	3.607289e-01	2.701167e-01
375           	4.537648e-02	3.880935e-02	6.315950e-01	3.611740e-01	2.704210e-01
376           	4.544362e-02	3.880619e-02	6.322979e-01	3.615926e-01	2.707053e-01
377           	4.545682e-02	3.880212e-02	6.324736e-01	3.616936e-01	2.707800e-01
378           	4.552660e-02	3.879620e-02	6.332246e-01	3.621389e-01	2.710857e-01
379           	4.559068e-02	3.879112e-02	6.339141e-01	3.625478e-01	2.713664e-01
380           	4.560285e-02	3.878681e-02	6.340827e-01	3.626442e-01	2.714385e-01
381           	4.566712e-02	3.877852e-02	6.348049e-01	3.630696e-01	2.717353e-01
382           	4.572812e-02	3.877224e-02	6.354807e-01	3.634685e-01	2.720122e-01
383           	4.574022e-02	3.876740e-02	6.356540e-01	3.635672e-01	2.720868e-01
384           	4.580495e-02	3.875903e-02	6.363899e-01	3.639999e-01	2.723900e-01
385           	4.586459e-02	3.875195e-02	6.370674e-01	3.643983e-01	2.726691e-01
386           	4.587591e-02	3.874704e-02	6.372360e-01	3.644939e-01	2.727421e-01
387           	4.593582e-02	3.873679e-02	6.379480e-01	3.649098e-01	2.730382e-01
388           	4.599148e-02	3.872826e-02	6.386040e-01	3.652935e-01	2.733105e-01
389           	4.600192e-02	3.872263e-02	6.387698e-01	3.653868e-01	2.733830e-01
390           	4.605897e-02	3.871086e-02	6.394707e-01	3.657943e-01	2.736764e-01
391           	4.611167e-02	3.870057e-02	6.401178e-01	3.661706e-01	2.739472e-01
392           	4.612181e-02	3.869486e-02	6.402840e-01	3.662638e-01	2.740202e-01
393           	4.617655e-02	3.868202e-02	6.409798e-01	3.666664e-01	2.743133e-01
394           	4.622713e-02	3.867131e-02	6.416170e-01	3.670356e-01	2.745814e-01
395           	4.623623e-02	3.866508e-02	6.417778e-01	3.671251e-01	2.746527e-01
396           	4.628693e-02	3.865104e-02	6.424518e-01	3.675128e-01	2.749390e-01
397           	4.633302e-02	3.863838e-02	6.430690e-01	3.678675e-01	2.752015e-01
398           	4.634157e-02	3.863192e-02	6.432291e-01	3.679561e-01	2.752730e-01
399           	4.638902e-02	3.861602e-02	6.438943e-01	3.683362e-01	2.755581e-01
400           	4.643272e-02	3.860242e-02	6.445024e-01	3.686839e-01	2.758185e-01
401           	4.644032e-02	3.859542e-02	6.446583e-01	3.687695e-01	2.758888e-01
402           	4.648435e-02	3.857868e-02	6.453061e-01	3.691374e-01	2.761687e-01
403           	4.652381e-02	3.856358e-02	6.458940e-01	3.694708e-01	2.764232e-01
404           	4.653072e-02	3.855647e-02	6.460468e-01	3.695541e-01	2.764927e-01
405           	4.657069e-02	3.853800e-02	6.466772e-01	3.699093e-01	2.767679e-01
406           	4.660725e-02	3.852193e-02	6.472511e-01	3.702328e-01	2.770183e-01
407           	4.661332e-02	3.851422e-02	6.474012e-01	3.703139e-01	2.770873e-01
408           	4.665040e-02	3.849481e-02	6.480191e-01	3.706600e-01	2.773592e-01
409           	4.668314e-02	3.847723e-02	6.485760e-01	3.709712e-01	2.776049e-01
410           	4.668843e-02	3.846943e-02	6.487221e-01	3.710495e-01	2.776726e-01
411           	4.672105e-02	3.844837e-02	6.493186e-01	3.713804e-01	2.779383e-01
412           	4.675041e-02	3.842987e-02	6.498575e-01	3.716792e-01	2.781783e-01
413           	4.675477e-02	3.842150e-02	6.500002e-01	3.717549e-01	2.782453e-01
414           	4.678416e-02	3.839947e-02	6.505818e-01	3.720751e-01	2.785067e-01
415           	4.680962e-02	3.837948e-02	6.511028e-01	3.723610e-01	2.787418e-01
416           	4.681326e-02	3.837102e-02	6.512422e-01	3.724343e-01	2.788078e-01
417           	4.683858e-02	3.834750e-02	6.518047e-01	3.727409e-01	2.790638e-01
418           	4.686100e-02	3.832680e-02	6.523086e-01	3.730153e-01	2.792933e-01
419           	4.686372e-02	3.831781e-02	6.524439e-01	3.730856e-01	2.793582e-01
420           	4.688580e-02	3.829344e-02	6.529891e-01	3.733803e-01	2.796087e-01
421           	4.690438e-02	3.827133e-02	6.534738e-01	3.736413e-01	2.798325e-01
422           	4.690642e-02	3.826225e-02	6.536060e-01	3.737094e-01	2.798966e-01
423           	4.692459e-02	3.823643e-02	6.541326e-01	3.739909e-01	2.801417e-01
424           	4.694028e-02	3.821366e-02	6.546003e-01	3.742404e-01	2.803599e-01
425           	4.694140e-02	3.820408e-02	6.547284e-01	3.743056e-01	2.804228e-01
426           	4.695639e-02	3.817757e-02	6.552372e-01	3.745750e-01	2.806622e-01
427           	4.696838e-02	3.815358e-02	6.556855e-01	3.748111e-01	2.808744e-01
428           	4.696885e-02	3.814396e-02	6.558105e-01	3.748741e-01	2.809364e-01
429           	4.698020e-02	3.811619e-02	6.563009e-01	3.751307e-01	2.811703e-01
430           	4.698962e-02	3.809172e-02	6.567330e-01	3.753561e-01	2.813769e-01
431           	4.698925e-02	3.808162e-02	6.568540e-01	3.754162e-01	2.814377e-01
432           	4.699775e-02	3.805327e-02	6.573271e-01	3.756613e-01	2.816658e-01
433           	4.700381e-02	3.802770e-02	6.577402e-01	3.758739e-01	2.818663e-01
434           	4.700283e-02	3.801760e-02	6.578580e-01	3.759318e-01	2.819262e-01
435           	4.700792e-02	3.798813e-02	6.583127e-01	3.761643e-01	2.821484e-01
436           	4.701168e-02	3.796223e-02	6.587102e-01	3.763668e-01	2.823434e-01
437           	4.700994e-02	3.795172e-02	6.588242e-01	3.764220e-01	2.824022e-01
438           	4.701263e-02	3.792194e-02	6.592629e-01	3.766441e-01	2.826188e-01
439           	4.701348e-02	3.789520e-02	6.596429e-01	3.768349e-01	2.828080e-01
440           	4.701122e-02	3.788473e-02	6.597537e-01	3.768881e-01	2.828656e-01
441           	4.701088e-02	3.785403e-02	6.601743e-01	3.770980e-01	2.830763e-01
442           	4.700985e-02	3.782711e-02	6.605396e-01	3.772797e-01	2.832600e-01
443           	4.700691e-02	3.781628e-02	6.606467e-01	3.773303e-01	2.833164e-01
444           	4.700450e-02	3.778539e-02	6.610520e-01	3.775305e-01	2.835215e-01
445           	4.700092e-02	3.775777e-02	6.614012e-01	3.777015e-01	2.836997e-01
446           	4.699754e-02	3.774704e-02	6.615052e-01	3.777501e-01	2.837551e-01
447           	4.699251e-02	3.771546e-02	6.618936e-01	3.779393e-01	2.839543e-01
448           	4.698744e-02	3.768789e-02	6.622295e-01	3.781022e-01	2.841273e-01
449           	4.698347e-02	3.767686e-02	6.623298e-01	3.781484e-01	2.841814e-01
450           	4.697679e-02	3.764532e-02	6.627037e-01	3.783286e-01	2.843750e-01
451           	4.697044e-02	3.762934e-02	6.628518e-01	3.783964e-01	2.844555e-01
452           	4.696221e-02	3.759324e-02	6.632869e-01	3.786056e-01	2.846812e-01
453           	4.695600e-02	3.757763e-02	6.634373e-01	3.786747e-01	2.847627e-01
454           	4.694874e-02	3.755829e-02	6.636260e-01	3.787618e-01	2.848643e-01
455           	4.693996e-02	3.751957e-02	6.640938e-01	3.789868e-01	2.851069e-01
456           	4.693397e-02	3.750480e-02	6.642370e-01	3.790525e-01	2.851845e-01
457           	4.692679e-02	3.748762e-02	6.643908e-01	3.791222e-01	2.852686e-01
458           	4.691558e-02	3.745099e-02	6.647911e-01	3.793111e-01	2.854799e-01
459           	4.690853e-02	3.743625e-02	6.649164e-01	3.793667e-01	2.855497e-01
460           	4.689971e-02	3.741798e-02	6.650697e-01	3.794345e-01	2.856351e-01
461           	4.688358e-02	3.737768e-02	6.654737e-01	3.796204e-01	2.858533e-01
462           	4.687557e-02	3.736218e-02	6.656077e-01	3.796794e-01	2.859283e-01
463           	4.686640e-02	3.734388e-02	6.657630e-01	3.797479e-01	2.860151e-01
464           	4.685202e-02	3.730655e-02	6.661606e-01	3.799323e-01	2.862283e-01
465           	4.684452e-02	3.729219e-02	6.662825e-01	3.799858e-01	2.862968e-01
466           	4.683586e-02	3.727530e-02	6.664231e-01	3.800474e-01	2.863757e-01
467           	4.681999e-02	3.723821e-02	6.667911e-01	3.802155e-01	2.865755e-01
468           	4.681208e-02	3.722355e-02	6.669121e-01	3.802681e-01	2.866440e-01
469           	4.680251e-02	3.720556e-02	6.670537e-01	3.803293e-01	2.867243e-01
470           	4.678999e-02	3.718238e-02	6.672392e-01	3.804096e-01	2.868296e-01
471           	4.677026e-02	3.713846e-02	6.676686e-01	3.806046e-01	2.870640e-01
472           	4.676201e-02	3.712409e-02	6.677929e-01	3.806585e-01	2.871345e-01
473           	4.675397e-02	3.710988e-02	6.679073e-01	3.807076e-01	2.871997e-01
474           	4.674317e-02	3.709158e-02	6.680505e-01	3.807684e-01	2.872821e-01
475           	4.672245e-02	3.705303e-02	6.684036e-01	3.809243e-01	2.874793e-01
476           	4.671328e-02	3.703822e-02	6.685189e-01	3.809727e-01	2.875462e-01
477           	4.670324e-02	3.702134e-02	6.686426e-01	3.810246e-01	2.876181e-01
478           	4.669043e-02	3.699993e-02	6.688000e-01	3.810904e-01	2.877096e-01
479           	4.666792e-02	3.695837e-02	6.691626e-01	3.812492e-01	2.879134e-01
480           	4.665903e-02	3.694465e-02	6.692691e-01	3.812936e-01	2.879755e-01
481           	4.665002e-02	3.693046e-02	6.693736e-01	3.813368e-01	2.880368e-01
482           	4.663831e-02	3.691225e-02	6.695087e-01	3.813927e-01	2.881160e-01
483           	4.661644e-02	3.687463e-02	6.698437e-01	3.815383e-01	2.883054e-01
484           	4.660735e-02	3.686052e-02	6.699526e-01	3.815836e-01	2.883689e-01
485           	4.659795e-02	3.684499e-02	6.700651e-01	3.816305e-01	2.884346e-01
486           	4.658608e-02	3.682549e-02	6.702060e-01	3.816891e-01	2.885169e-01
487           	4.656388e-02	3.678678e-02	6.705298e-01	3.818288e-01	2.887010e-01
488           	4.655502e-02	3.677384e-02	6.706256e-01	3.818678e-01	2.887578e-01
489           	4.654548e-02	3.676005e-02	6.707207e-01	3.819058e-01	2.888149e-01
490           	4.653283e-02	3.674228e-02	6.708431e-01	3.819544e-01	2.888887e-01
491           	4.650775e-02	3.670513e-02	6.711397e-01	3.820776e-01	2.890621e-01
492           	4.649809e-02	3.669162e-02	6.712374e-01	3.821168e-01	2.891206e-01
493           	4.648852e-02	3.667706e-02	6.713375e-01	3.821573e-01	2.891802e-01
494           	4.647688e-02	3.665898e-02	6.714634e-01	3.822086e-01	2.892548e-01
495           	4.645477e-02	3.662292e-02	6.717546e-01	3.823321e-01	2.894225e-01
496           	4.644627e-02	3.661089e-02	6.718420e-01	3.823673e-01	2.894747e-01
497           	4.643717e-02	3.659804e-02	6.719297e-01	3.824020e-01	2.895277e-01
498           	4.642522e-02	3.658157e-02	6.720427e-01	3.824466e-01	2.895961e-01
499           	4.640137e-02	3.654715e-02	6.723153e-01	3.825590e-01	2.897563e-01
500           	4.639221e-02	3.653472e-02	6.724041e-01	3.825943e-01	2.898098e-01
