xflr5 v6.61
NACA 2412
T1_Re2.600_M0.00_N9.0
Alpha =   0.0,  Re =  2600000,  Ma = 0.0000,  ACrit = 9.0 

   x        Cpi      Cpv        Qi        Qv
 1.0000    0.421     0.216     0.761     0.886
 0.9965    0.281     0.204     0.848     0.892
 0.9901    0.218     0.178     0.884     0.907
 0.9819    0.168     0.148     0.912     0.923
 0.9724    0.128     0.118     0.934     0.939
 0.9617    0.093     0.089     0.952     0.955
 0.9501    0.063     0.061     0.968     0.969
 0.9376    0.035     0.035     0.982     0.983
 0.9243    0.009     0.010     0.995     0.995
 0.9104   -0.014    -0.013     1.007     1.006
 0.8960   -0.037    -0.035     1.018     1.017
 0.8810   -0.058    -0.056     1.029     1.027
 0.8655   -0.078    -0.075     1.038     1.037
 0.8496   -0.097    -0.094     1.047     1.046
 0.8333   -0.115    -0.112     1.056     1.055
 0.8167   -0.133    -0.130     1.064     1.063
 0.7998   -0.150    -0.146     1.072     1.071
 0.7827   -0.167    -0.162     1.080     1.078
 0.7653   -0.183    -0.178     1.088     1.085
 0.7477   -0.198    -0.193     1.095     1.092
 0.7299   -0.214    -0.208     1.102     1.099
 0.7120   -0.229    -0.223     1.109     1.106
 0.6940   -0.244    -0.237     1.115     1.112
 0.6759   -0.258    -0.250     1.122     1.118
 0.6577   -0.273    -0.263     1.128     1.124
 0.6395   -0.287    -0.275     1.134     1.129
 0.6212   -0.301    -0.287     1.141     1.134
 0.6029   -0.315    -0.297     1.147     1.139
 0.5847   -0.329    -0.307     1.153     1.143
 0.5664   -0.343    -0.322     1.159     1.150
 0.5483   -0.357    -0.368     1.165     1.169
 0.5302   -0.370    -0.382     1.171     1.176
 0.5121   -0.384    -0.391     1.177     1.179
 0.4942   -0.398    -0.402     1.182     1.184
 0.4764   -0.412    -0.414     1.188     1.189
 0.4587   -0.426    -0.426     1.194     1.194
 0.4412   -0.440    -0.440     1.200     1.200
 0.4239   -0.455    -0.454     1.206     1.206
 0.4067   -0.471    -0.469     1.213     1.212
 0.3897   -0.491    -0.486     1.221     1.219
 0.3729   -0.505    -0.500     1.227     1.225
 0.3564   -0.518    -0.512     1.232     1.230
 0.3400   -0.529    -0.523     1.237     1.234
 0.3239   -0.539    -0.533     1.241     1.238
 0.3081   -0.548    -0.542     1.244     1.242
 0.2926   -0.556    -0.549     1.247     1.245
 0.2773   -0.562    -0.556     1.250     1.247
 0.2623   -0.567    -0.561     1.252     1.249
 0.2476   -0.571    -0.565     1.254     1.251
 0.2333   -0.574    -0.567     1.255     1.252
 0.2192   -0.576    -0.569     1.255     1.253
 0.2055   -0.576    -0.569     1.256     1.253
 0.1922   -0.576    -0.568     1.255     1.252
 0.1792   -0.573    -0.566     1.254     1.251
 0.1666   -0.570    -0.562     1.253     1.250
 0.1544   -0.565    -0.557     1.251     1.248
 0.1425   -0.558    -0.550     1.248     1.245
 0.1311   -0.550    -0.542     1.245     1.242
 0.1201   -0.540    -0.531     1.241     1.238
 0.1095   -0.528    -0.519     1.236     1.233
 0.0993   -0.515    -0.505     1.231     1.227
 0.0896   -0.499    -0.489     1.224     1.220
 0.0803   -0.481    -0.471     1.217     1.213
 0.0715   -0.460    -0.449     1.208     1.204
 0.0632   -0.435    -0.424     1.198     1.193
 0.0553   -0.407    -0.396     1.186     1.181
 0.0479   -0.375    -0.363     1.173     1.167
 0.0410   -0.337    -0.324     1.156     1.151
 0.0346   -0.293    -0.279     1.137     1.131
 0.0287   -0.240    -0.226     1.114     1.107
 0.0234   -0.177    -0.162     1.085     1.078
 0.0186   -0.100    -0.084     1.049     1.041
 0.0143   -0.007     0.010     1.003     0.995
 0.0105    0.108     0.126     0.944     0.935
 0.0074    0.248     0.266     0.867     0.857
 0.0047    0.415     0.432     0.765     0.754
 0.0027    0.603     0.619     0.630     0.618
 0.0012    0.793     0.804     0.455     0.442
 0.0003    0.943     0.949     0.239     0.225
 0.0000    1.000     0.999    -0.009    -0.023
 0.0003    0.929     0.922    -0.266    -0.279
 0.0012    0.748     0.736    -0.502    -0.514
 0.0027    0.515     0.500    -0.697    -0.707
 0.0047    0.290     0.274    -0.843    -0.852
 0.0074    0.104     0.088    -0.946    -0.955
 0.0105   -0.036    -0.052    -1.018    -1.026
 0.0143   -0.138    -0.153    -1.067    -1.074
 0.0186   -0.208    -0.223    -1.099    -1.106
 0.0234   -0.257    -0.271    -1.121    -1.127
 0.0287   -0.289    -0.302    -1.135    -1.141
 0.0346   -0.309    -0.322    -1.144    -1.150
 0.0410   -0.321    -0.333    -1.149    -1.155
 0.0479   -0.327    -0.339    -1.152    -1.157
 0.0553   -0.329    -0.340    -1.153    -1.158
 0.0632   -0.328    -0.338    -1.152    -1.157
 0.0715   -0.324    -0.334    -1.151    -1.155
 0.0803   -0.318    -0.328    -1.148    -1.152
 0.0896   -0.311    -0.320    -1.145    -1.149
 0.0993   -0.303    -0.312    -1.142    -1.145
 0.1095   -0.294    -0.303    -1.138    -1.141
 0.1201   -0.285    -0.293    -1.133    -1.137
 0.1311   -0.275    -0.283    -1.129    -1.133
 0.1425   -0.265    -0.273    -1.125    -1.128
 0.1544   -0.254    -0.262    -1.120    -1.123
 0.1666   -0.243    -0.251    -1.115    -1.119
 0.1792   -0.233    -0.240    -1.110    -1.114
 0.1922   -0.222    -0.229    -1.105    -1.109
 0.2055   -0.211    -0.219    -1.100    -1.104
 0.2192   -0.200    -0.208    -1.096    -1.099
 0.2333   -0.190    -0.197    -1.091    -1.094
 0.2476   -0.179    -0.187    -1.086    -1.089
 0.2623   -0.169    -0.177    -1.081    -1.085
 0.2773   -0.159    -0.167    -1.077    -1.080
 0.2926   -0.149    -0.157    -1.072    -1.076
 0.3081   -0.140    -0.148    -1.068    -1.071
 0.3239   -0.131    -0.139    -1.063    -1.067
 0.3400   -0.122    -0.131    -1.059    -1.063
 0.3564   -0.114    -0.123    -1.056    -1.060
 0.3729   -0.107    -0.117    -1.052    -1.057
 0.3897   -0.101    -0.111    -1.049    -1.054
 0.4067   -0.099    -0.109    -1.048    -1.053
 0.4239   -0.093    -0.109    -1.046    -1.053
 0.4412   -0.087    -0.092    -1.043    -1.045
 0.4587   -0.080    -0.074    -1.039    -1.036
 0.4764   -0.073    -0.067    -1.036    -1.033
 0.4942   -0.066    -0.063    -1.033    -1.031
 0.5121   -0.059    -0.058    -1.029    -1.028
 0.5302   -0.052    -0.052    -1.026    -1.026
 0.5483   -0.044    -0.046    -1.022    -1.023
 0.5664   -0.037    -0.040    -1.018    -1.020
 0.5847   -0.030    -0.034    -1.015    -1.017
 0.6029   -0.023    -0.027    -1.011    -1.014
 0.6212   -0.016    -0.021    -1.008    -1.010
 0.6395   -0.009    -0.014    -1.004    -1.007
 0.6577   -0.002    -0.008    -1.001    -1.004
 0.6759    0.005    -0.001    -0.998    -1.001
 0.6940    0.012     0.005    -0.994    -0.998
 0.7120    0.018     0.011    -0.991    -0.994
 0.7299    0.025     0.018    -0.987    -0.991
 0.7477    0.032     0.024    -0.984    -0.988
 0.7653    0.039     0.031    -0.980    -0.985
 0.7827    0.046     0.037    -0.977    -0.981
 0.7998    0.053     0.044    -0.973    -0.978
 0.8167    0.060     0.051    -0.969    -0.974
 0.8333    0.068     0.058    -0.965    -0.971
 0.8496    0.076     0.065    -0.961    -0.967
 0.8655    0.085     0.073    -0.957    -0.963
 0.8810    0.094     0.081    -0.952    -0.959
 0.8960    0.103     0.090    -0.947    -0.954
 0.9104    0.114     0.099    -0.941    -0.949
 0.9243    0.126     0.109    -0.935    -0.944
 0.9376    0.139     0.121    -0.928    -0.938
 0.9501    0.154     0.133    -0.920    -0.931
 0.9617    0.171     0.147    -0.910    -0.924
 0.9724    0.192     0.162    -0.899    -0.916
 0.9819    0.218     0.179    -0.884    -0.906
 0.9901    0.253     0.196    -0.864    -0.897
 0.9965    0.303     0.213    -0.835    -0.887
 1.0000    0.421     0.216    -0.761    -0.886


