xflr5 v6.61
NACA 2412
T1_Re2.600_M0.00_N9.0
Alpha =  10.0,  Re =  2600000,  Ma = 0.0000,  ACrit = 9.0 

   x        Cpi      Cpv        Qi        Qv
 1.0000    0.445     0.156     0.745     0.919
 0.9965    0.297     0.152     0.838     0.921
 0.9901    0.227     0.143     0.879     0.926
 0.9819    0.168     0.131     0.912     0.932
 0.9724    0.118     0.117     0.939     0.940
 0.9617    0.074     0.099     0.962     0.949
 0.9501    0.034     0.078     0.983     0.960
 0.9376   -0.004     0.054     1.002     0.972
 0.9243   -0.040     0.029     1.020     0.986
 0.9104   -0.074     0.001     1.036     0.999
 0.8960   -0.107    -0.028     1.052     1.014
 0.8810   -0.139    -0.058     1.067     1.028
 0.8655   -0.171    -0.088     1.082     1.043
 0.8496   -0.201    -0.119     1.096     1.058
 0.8333   -0.232    -0.150     1.110     1.073
 0.8167   -0.262    -0.181     1.123     1.087
 0.7998   -0.291    -0.212     1.136     1.101
 0.7827   -0.321    -0.243     1.149     1.115
 0.7653   -0.350    -0.274     1.162     1.129
 0.7477   -0.379    -0.304     1.175     1.142
 0.7299   -0.409    -0.335     1.187     1.155
 0.7120   -0.438    -0.365     1.199     1.168
 0.6940   -0.468    -0.396     1.212     1.181
 0.6759   -0.498    -0.426     1.224     1.194
 0.6577   -0.529    -0.457     1.236     1.207
 0.6395   -0.559    -0.488     1.249     1.220
 0.6212   -0.591    -0.519     1.261     1.233
 0.6029   -0.622    -0.551     1.274     1.245
 0.5847   -0.655    -0.583     1.286     1.258
 0.5664   -0.688    -0.616     1.299     1.271
 0.5483   -0.721    -0.649     1.312     1.284
 0.5302   -0.756    -0.683     1.325     1.297
 0.5121   -0.791    -0.718     1.338     1.311
 0.4942   -0.828    -0.754     1.352     1.324
 0.4764   -0.865    -0.790     1.366     1.338
 0.4587   -0.904    -0.828     1.380     1.352
 0.4412   -0.945    -0.867     1.394     1.366
 0.4239   -0.987    -0.908     1.410     1.381
 0.4067   -1.033    -0.952     1.426     1.397
 0.3897   -1.085    -0.999     1.444     1.414
 0.3729   -1.132    -1.044     1.460     1.430
 0.3564   -1.178    -1.088     1.476     1.445
 0.3400   -1.224    -1.132     1.491     1.460
 0.3239   -1.270    -1.176     1.507     1.475
 0.3081   -1.316    -1.220     1.522     1.490
 0.2926   -1.363    -1.265     1.537     1.505
 0.2773   -1.410    -1.310     1.553     1.520
 0.2623   -1.459    -1.356     1.568     1.535
 0.2476   -1.508    -1.402     1.584     1.550
 0.2333   -1.559    -1.450     1.600     1.565
 0.2192   -1.611    -1.498     1.616     1.581
 0.2055   -1.665    -1.548     1.632     1.596
 0.1922   -1.720    -1.600     1.649     1.612
 0.1792   -1.778    -1.653     1.667     1.629
 0.1666   -1.838    -1.709     1.685     1.646
 0.1544   -1.901    -1.766     1.703     1.663
 0.1425   -1.968    -1.827     1.723     1.681
 0.1311   -2.038    -1.891     1.743     1.700
 0.1201   -2.113    -1.960     1.764     1.720
 0.1095   -2.194    -2.032     1.787     1.741
 0.0993   -2.281    -2.110     1.811     1.764
 0.0896   -2.375    -2.194     1.837     1.787
 0.0803   -2.478    -2.286     1.865     1.813
 0.0715   -2.591    -2.385     1.895     1.840
 0.0632   -2.716    -2.494     1.928     1.869
 0.0553   -2.856    -2.613     1.964     1.901
 0.0479   -3.012    -2.743     2.003     1.935
 0.0410   -3.188    -2.883     2.046     1.971
 0.0346   -3.386    -3.034     2.094     2.008
 0.0287   -3.612    -3.208     2.147     2.051
 0.0234   -3.867    -3.636     2.206     2.153
 0.0186   -4.156    -3.895     2.271     2.212
 0.0143   -4.478    -4.085     2.341     2.255
 0.0105   -4.828    -4.329     2.414     2.308
 0.0074   -5.188    -4.608     2.488     2.368
 0.0047   -5.515    -4.860     2.553     2.421
 0.0027   -5.731    -5.004     2.594     2.450
 0.0012   -5.710    -4.929     2.590     2.435
 0.0003   -5.312    -4.513     2.512     2.348
 0.0000   -4.487    -3.730     2.342     2.175
 0.0003   -3.397    -2.725     2.097     1.930
 0.0012   -2.188    -1.642     1.786     1.625
 0.0027   -1.093    -0.684     1.447     1.298
 0.0047   -0.257     0.029     1.121     0.986
 0.0074    0.307     0.496     0.832     0.710
 0.0105    0.655     0.772     0.587     0.477
 0.0143    0.853     0.919     0.383     0.284
 0.0186    0.954     0.984     0.215     0.125
 0.0234    0.994     1.000     0.075    -0.007
 0.0287    0.998     0.987    -0.041    -0.116
 0.0346    0.981     0.957    -0.138    -0.207
 0.0410    0.951     0.919    -0.221    -0.285
 0.0479    0.915     0.877    -0.291    -0.351
 0.0553    0.877     0.834    -0.351    -0.407
 0.0632    0.837     0.792    -0.403    -0.456
 0.0715    0.799     0.752    -0.449    -0.498
 0.0803    0.761     0.713    -0.489    -0.536
 0.0896    0.726     0.677    -0.524    -0.568
 0.0993    0.692     0.643    -0.555    -0.597
 0.1095    0.661     0.612    -0.582    -0.623
 0.1201    0.632     0.583    -0.607    -0.646
 0.1311    0.605     0.556    -0.629    -0.666
 0.1425    0.580     0.532    -0.648    -0.684
 0.1544    0.556     0.509    -0.666    -0.701
 0.1666    0.535     0.488    -0.682    -0.716
 0.1792    0.515     0.468    -0.697    -0.729
 0.1922    0.496     0.450    -0.710    -0.742
 0.2055    0.479     0.434    -0.722    -0.753
 0.2192    0.463     0.418    -0.733    -0.763
 0.2333    0.449     0.404    -0.743    -0.772
 0.2476    0.435     0.391    -0.752    -0.780
 0.2623    0.422     0.379    -0.760    -0.788
 0.2773    0.410     0.367    -0.768    -0.795
 0.2926    0.399     0.357    -0.775    -0.802
 0.3081    0.389     0.347    -0.782    -0.808
 0.3239    0.379     0.337    -0.788    -0.814
 0.3400    0.370     0.328    -0.794    -0.820
 0.3564    0.361     0.319    -0.800    -0.825
 0.3729    0.352     0.310    -0.805    -0.831
 0.3897    0.342     0.301    -0.811    -0.836
 0.4067    0.332     0.291    -0.817    -0.842
 0.4239    0.323     0.282    -0.823    -0.847
 0.4412    0.315     0.274    -0.827    -0.852
 0.4587    0.308     0.267    -0.832    -0.856
 0.4764    0.302     0.261    -0.835    -0.860
 0.4942    0.296     0.255    -0.839    -0.863
 0.5121    0.291     0.249    -0.842    -0.866
 0.5302    0.286     0.244    -0.845    -0.869
 0.5483    0.281     0.239    -0.848    -0.872
 0.5664    0.277     0.235    -0.851    -0.875
 0.5847    0.272     0.230    -0.853    -0.877
 0.6029    0.268     0.226    -0.855    -0.880
 0.6212    0.265     0.222    -0.857    -0.882
 0.6395    0.261     0.218    -0.860    -0.885
 0.6577    0.258     0.214    -0.862    -0.887
 0.6759    0.255     0.210    -0.863    -0.889
 0.6940    0.252     0.206    -0.865    -0.891
 0.7120    0.249     0.203    -0.867    -0.893
 0.7299    0.246     0.199    -0.868    -0.895
 0.7477    0.244     0.196    -0.870    -0.897
 0.7653    0.241     0.192    -0.871    -0.899
 0.7827    0.239     0.189    -0.872    -0.901
 0.7998    0.238     0.186    -0.873    -0.902
 0.8167    0.236     0.183    -0.874    -0.904
 0.8333    0.235     0.180    -0.875    -0.906
 0.8496    0.234     0.177    -0.875    -0.907
 0.8655    0.234     0.174    -0.875    -0.909
 0.8810    0.234     0.171    -0.875    -0.910
 0.8960    0.235     0.169    -0.875    -0.912
 0.9104    0.237     0.167    -0.874    -0.913
 0.9243    0.240     0.165    -0.872    -0.914
 0.9376    0.244     0.164    -0.870    -0.914
 0.9501    0.249     0.163    -0.866    -0.915
 0.9617    0.257     0.163    -0.862    -0.915
 0.9724    0.268     0.163    -0.855    -0.915
 0.9819    0.284     0.163    -0.846    -0.915
 0.9901    0.309     0.164    -0.831    -0.914
 0.9965    0.347     0.166    -0.808    -0.913
 1.0000    0.445     0.156    -0.745    -0.919


