xflr5 v6.61
NACA 2412
T1_Re2.600_M0.00_N9.0
Alpha =  15.0,  Re =  2600000,  Ma = 0.0000,  ACrit = 9.0 

   x        Cpi      Cpv        Qi        Qv
 1.0000    0.470     0.003     0.728     0.999
 0.9965    0.321     0.002     0.824     0.999
 0.9901    0.248     0.000     0.867     1.000
 0.9819    0.186    -0.002     0.902     1.001
 0.9724    0.134    -0.004     0.931     1.002
 0.9617    0.086    -0.007     0.956     1.003
 0.9501    0.041    -0.010     0.979     1.005
 0.9376   -0.001    -0.013     1.000     1.006
 0.9243   -0.041    -0.015     1.020     1.007
 0.9104   -0.080    -0.017     1.039     1.008
 0.8960   -0.118    -0.017     1.057     1.008
 0.8810   -0.155    -0.015     1.075     1.007
 0.8655   -0.192    -0.023     1.092     1.011
 0.8496   -0.228    -0.036     1.108     1.018
 0.8333   -0.264    -0.053     1.124     1.026
 0.8167   -0.299    -0.075     1.140     1.037
 0.7998   -0.335    -0.100     1.155     1.049
 0.7827   -0.371    -0.129     1.171     1.063
 0.7653   -0.407    -0.162     1.186     1.078
 0.7477   -0.443    -0.197     1.201     1.094
 0.7299   -0.479    -0.234     1.216     1.111
 0.7120   -0.516    -0.273     1.231     1.128
 0.6940   -0.553    -0.313     1.246     1.146
 0.6759   -0.591    -0.354     1.261     1.164
 0.6577   -0.630    -0.395     1.277     1.181
 0.6395   -0.669    -0.438     1.292     1.199
 0.6212   -0.709    -0.481     1.307     1.217
 0.6029   -0.750    -0.524     1.323     1.234
 0.5847   -0.792    -0.568     1.339     1.252
 0.5664   -0.835    -0.612     1.355     1.270
 0.5483   -0.879    -0.657     1.371     1.287
 0.5302   -0.925    -0.703     1.387     1.305
 0.5121   -0.972    -0.750     1.404     1.323
 0.4942   -1.021    -0.798     1.422     1.341
 0.4764   -1.071    -0.848     1.439     1.359
 0.4587   -1.124    -0.898     1.457     1.378
 0.4412   -1.179    -0.951     1.476     1.397
 0.4239   -1.237    -1.006     1.496     1.416
 0.4067   -1.299    -1.064     1.516     1.437
 0.3897   -1.369    -1.126     1.539     1.458
 0.3729   -1.435    -1.187     1.560     1.479
 0.3564   -1.500    -1.247     1.581     1.499
 0.3400   -1.566    -1.309     1.602     1.519
 0.3239   -1.633    -1.371     1.623     1.540
 0.3081   -1.702    -1.434     1.644     1.560
 0.2926   -1.773    -1.499     1.665     1.581
 0.2773   -1.845    -1.565     1.687     1.601
 0.2623   -1.920    -1.632     1.709     1.622
 0.2476   -1.998    -1.702     1.731     1.644
 0.2333   -2.078    -1.774     1.755     1.666
 0.2192   -2.162    -1.849     1.778     1.688
 0.2055   -2.250    -1.927     1.803     1.711
 0.1922   -2.342    -2.008     1.828     1.734
 0.1792   -2.439    -2.093     1.855     1.759
 0.1666   -2.542    -2.182     1.882     1.784
 0.1544   -2.651    -2.276     1.911     1.810
 0.1425   -2.768    -2.377     1.941     1.838
 0.1311   -2.893    -2.484     1.973     1.866
 0.1201   -3.028    -2.598     2.007     1.897
 0.1095   -3.175    -2.722     2.043     1.929
 0.0993   -3.335    -2.857     2.082     1.964
 0.0896   -3.510    -3.003     2.124     2.001
 0.0803   -3.704    -3.164     2.169     2.041
 0.0715   -3.920    -3.342     2.218     2.084
 0.0632   -4.162    -3.540     2.272     2.131
 0.0553   -4.435    -3.761     2.331     2.182
 0.0479   -4.745    -4.010     2.397     2.238
 0.0410   -5.099    -4.292     2.470     2.300
 0.0346   -5.507    -4.611     2.551     2.369
 0.0287   -5.979    -4.973     2.642     2.444
 0.0234   -6.529    -5.380     2.744     2.526
 0.0186   -7.168    -5.832     2.858     2.614
 0.0143   -7.910    -6.364     2.985     2.714
 0.0105   -8.761    -7.749     3.124     2.958
 0.0074   -9.709    -8.171     3.272     3.028
 0.0047  -10.700    -8.566     3.421     3.093
 0.0027  -11.608    -9.175     3.551     3.190
 0.0012  -12.196    -9.550     3.633     3.248
 0.0003  -12.139    -9.375     3.625     3.221
 0.0000  -11.222    -8.512     3.496     3.084
 0.0003   -9.622    -7.115     3.259     2.849
 0.0012   -7.488    -5.345     2.914     2.519
 0.0027   -5.279    -3.573     2.506     2.138
 0.0047   -3.384    -2.094     2.094     1.759
 0.0074   -1.943    -0.997     1.715     1.413
 0.0105   -0.921    -0.241     1.386     1.114
 0.0143   -0.224     0.259     1.107     0.861
 0.0186    0.240     0.579     0.872     0.649
 0.0234    0.545     0.777     0.675     0.472
 0.0287    0.741     0.896     0.509     0.323
 0.0346    0.865     0.961     0.368     0.196
 0.0410    0.939     0.992     0.248     0.089
 0.0479    0.979     1.000     0.145    -0.004
 0.0553    0.997     0.993     0.055    -0.084
 0.0632    0.999     0.976    -0.023    -0.153
 0.0715    0.992     0.954    -0.092    -0.215
 0.0803    0.977     0.928    -0.152    -0.269
 0.0896    0.958     0.900    -0.206    -0.316
 0.0993    0.936     0.871    -0.254    -0.359
 0.1095    0.912     0.842    -0.297    -0.398
 0.1201    0.888     0.813    -0.335    -0.432
 0.1311    0.863     0.786    -0.370    -0.463
 0.1425    0.838     0.759    -0.402    -0.491
 0.1544    0.814     0.733    -0.431    -0.517
 0.1666    0.791     0.708    -0.457    -0.540
 0.1792    0.769     0.684    -0.481    -0.562
 0.1922    0.747     0.662    -0.503    -0.581
 0.2055    0.726     0.641    -0.523    -0.600
 0.2192    0.706     0.620    -0.542    -0.616
 0.2333    0.687     0.601    -0.559    -0.632
 0.2476    0.669     0.583    -0.575    -0.646
 0.2623    0.652     0.565    -0.590    -0.659
 0.2773    0.635     0.548    -0.604    -0.672
 0.2926    0.619     0.533    -0.617    -0.684
 0.3081    0.604     0.517    -0.629    -0.695
 0.3239    0.589     0.503    -0.641    -0.705
 0.3400    0.575     0.489    -0.652    -0.715
 0.3564    0.562     0.475    -0.662    -0.725
 0.3729    0.548     0.461    -0.672    -0.734
 0.3897    0.535     0.447    -0.682    -0.743
 0.4067    0.521     0.433    -0.692    -0.753
 0.4239    0.508     0.419    -0.702    -0.762
 0.4412    0.496     0.407    -0.710    -0.770
 0.4587    0.485     0.395    -0.718    -0.778
 0.4764    0.474     0.384    -0.725    -0.785
 0.4942    0.464     0.374    -0.732    -0.791
 0.5121    0.454     0.363    -0.739    -0.798
 0.5302    0.445     0.353    -0.745    -0.804
 0.5483    0.436     0.344    -0.751    -0.810
 0.5664    0.428     0.334    -0.757    -0.816
 0.5847    0.419     0.325    -0.762    -0.821
 0.6029    0.411     0.316    -0.767    -0.827
 0.6212    0.404     0.307    -0.772    -0.832
 0.6395    0.396     0.298    -0.777    -0.838
 0.6577    0.389     0.290    -0.782    -0.843
 0.6759    0.382     0.281    -0.786    -0.848
 0.6940    0.375     0.273    -0.790    -0.853
 0.7120    0.369     0.264    -0.795    -0.858
 0.7299    0.362     0.255    -0.799    -0.863
 0.7477    0.356     0.247    -0.802    -0.868
 0.7653    0.350     0.238    -0.806    -0.873
 0.7827    0.344     0.229    -0.810    -0.878
 0.7998    0.339     0.220    -0.813    -0.883
 0.8167    0.334     0.211    -0.816    -0.888
 0.8333    0.329     0.202    -0.819    -0.893
 0.8496    0.324     0.192    -0.822    -0.899
 0.8655    0.320     0.183    -0.824    -0.904
 0.8810    0.317     0.173    -0.827    -0.909
 0.8960    0.314     0.163    -0.828    -0.915
 0.9104    0.312     0.153    -0.830    -0.920
 0.9243    0.310     0.142    -0.830    -0.926
 0.9376    0.310     0.131    -0.831    -0.932
 0.9501    0.312     0.119    -0.830    -0.938
 0.9617    0.315     0.107    -0.828    -0.945
 0.9724    0.322     0.094    -0.824    -0.952
 0.9819    0.332     0.080    -0.817    -0.959
 0.9901    0.351     0.064    -0.806    -0.967
 0.9965    0.383     0.051    -0.785    -0.974
 1.0000    0.470     0.003    -0.728    -0.999


