xflr5 v6.61
NACA 2412
T1_Re2.600_M0.00_N9.0
Alpha =   5.0,  Re =  2600000,  Ma = 0.0000,  ACrit = 9.0 

   x        Cpi      Cpv        Qi        Qv
 1.0000    0.429     0.185     0.756     0.903
 0.9965    0.284     0.175     0.846     0.908
 0.9901    0.217     0.157     0.885     0.918
 0.9819    0.161     0.134     0.916     0.931
 0.9724    0.116     0.107     0.940     0.945
 0.9617    0.077     0.079     0.961     0.959
 0.9501    0.041     0.051     0.979     0.974
 0.9376    0.008     0.022     0.996     0.989
 0.9243   -0.023    -0.007     1.011     1.003
 0.9104   -0.052    -0.035     1.026     1.017
 0.8960   -0.080    -0.062     1.039     1.031
 0.8810   -0.107    -0.089     1.052     1.044
 0.8655   -0.132    -0.115     1.064     1.056
 0.8496   -0.157    -0.140     1.076     1.068
 0.8333   -0.182    -0.165     1.087     1.079
 0.8167   -0.206    -0.189     1.098     1.090
 0.7998   -0.229    -0.212     1.109     1.101
 0.7827   -0.252    -0.235     1.119     1.111
 0.7653   -0.275    -0.258     1.129     1.122
 0.7477   -0.297    -0.281     1.139     1.132
 0.7299   -0.320    -0.303     1.149     1.142
 0.7120   -0.342    -0.325     1.158     1.151
 0.6940   -0.364    -0.347     1.168     1.161
 0.6759   -0.386    -0.370     1.177     1.170
 0.6577   -0.408    -0.392     1.187     1.180
 0.6395   -0.431    -0.414     1.196     1.189
 0.6212   -0.453    -0.436     1.206     1.198
 0.6029   -0.476    -0.459     1.215     1.208
 0.5847   -0.499    -0.481     1.224     1.217
 0.5664   -0.522    -0.504     1.234     1.226
 0.5483   -0.545    -0.527     1.243     1.236
 0.5302   -0.569    -0.551     1.253     1.245
 0.5121   -0.593    -0.575     1.262     1.255
 0.4942   -0.618    -0.599     1.272     1.264
 0.4764   -0.643    -0.624     1.282     1.274
 0.4587   -0.669    -0.649     1.292     1.284
 0.4412   -0.696    -0.675     1.302     1.294
 0.4239   -0.724    -0.702     1.313     1.305
 0.4067   -0.754    -0.732     1.324     1.316
 0.3897   -0.789    -0.765     1.338     1.328
 0.3729   -0.819    -0.794     1.349     1.339
 0.3564   -0.847    -0.821     1.359     1.350
 0.3400   -0.874    -0.848     1.369     1.359
 0.3239   -0.901    -0.873     1.379     1.369
 0.3081   -0.927    -0.898     1.388     1.378
 0.2926   -0.953    -0.921     1.398     1.386
 0.2773   -0.978    -0.944     1.407     1.394
 0.2623   -1.003    -0.965     1.415     1.402
 0.2476   -1.028    -0.985     1.424     1.409
 0.2333   -1.052    -1.002     1.433     1.415
 0.2192   -1.077    -1.024     1.441     1.423
 0.2055   -1.101    -1.075     1.449     1.441
 0.1922   -1.125    -1.113     1.458     1.454
 0.1792   -1.149    -1.128     1.466     1.459
 0.1666   -1.174    -1.148     1.474     1.466
 0.1544   -1.199    -1.170     1.483     1.473
 0.1425   -1.224    -1.192     1.491     1.481
 0.1311   -1.249    -1.216     1.500     1.489
 0.1201   -1.276    -1.241     1.509     1.497
 0.1095   -1.303    -1.266     1.518     1.505
 0.0993   -1.331    -1.293     1.527     1.514
 0.0896   -1.361    -1.320     1.537     1.523
 0.0803   -1.393    -1.350     1.547     1.533
 0.0715   -1.426    -1.381     1.558     1.543
 0.0632   -1.461    -1.414     1.569     1.554
 0.0553   -1.500    -1.449     1.581     1.565
 0.0479   -1.540    -1.486     1.594     1.577
 0.0410   -1.584    -1.525     1.608     1.589
 0.0346   -1.630    -1.567     1.622     1.602
 0.0287   -1.679    -1.610     1.637     1.615
 0.0234   -1.728    -1.652     1.652     1.629
 0.0186   -1.776    -1.692     1.666     1.641
 0.0143   -1.817    -1.723     1.678     1.650
 0.0105   -1.842    -1.738     1.686     1.655
 0.0074   -1.835    -1.720     1.684     1.649
 0.0047   -1.772    -1.646     1.665     1.627
 0.0027   -1.619    -1.484     1.618     1.576
 0.0012   -1.336    -1.199     1.529     1.483
 0.0003   -0.906    -0.774     1.381     1.332
 0.0000   -0.371    -0.259     1.171     1.122
 0.0003    0.156     0.243     0.919     0.870
 0.0012    0.585     0.643     0.644     0.598
 0.0027    0.858     0.889     0.376     0.333
 0.0047    0.980     0.990     0.140     0.101
 0.0074    0.997     0.992    -0.057    -0.092
 0.0105    0.953     0.939    -0.216    -0.248
 0.0143    0.882     0.862    -0.343    -0.371
 0.0186    0.803     0.779    -0.444    -0.470
 0.0234    0.724     0.700    -0.525    -0.548
 0.0287    0.652     0.626    -0.590    -0.612
 0.0346    0.586     0.560    -0.644    -0.664
 0.0410    0.527     0.501    -0.688    -0.706
 0.0479    0.475     0.450    -0.724    -0.742
 0.0553    0.430     0.405    -0.755    -0.771
 0.0632    0.390     0.366    -0.781    -0.796
 0.0715    0.356     0.332    -0.803    -0.817
 0.0803    0.325     0.302    -0.822    -0.835
 0.0896    0.299     0.277    -0.838    -0.851
 0.0993    0.275     0.254    -0.851    -0.864
 0.1095    0.255     0.234    -0.863    -0.875
 0.1201    0.237     0.217    -0.873    -0.885
 0.1311    0.222     0.202    -0.882    -0.893
 0.1425    0.208     0.189    -0.890    -0.900
 0.1544    0.197     0.178    -0.896    -0.907
 0.1666    0.186     0.168    -0.902    -0.912
 0.1792    0.178     0.160    -0.907    -0.917
 0.1922    0.170     0.153    -0.911    -0.921
 0.2055    0.164     0.147    -0.915    -0.924
 0.2192    0.158     0.141    -0.918    -0.927
 0.2333    0.153     0.137    -0.920    -0.929
 0.2476    0.149     0.133    -0.922    -0.931
 0.2623    0.146     0.130    -0.924    -0.933
 0.2773    0.143     0.127    -0.926    -0.934
 0.2926    0.141     0.125    -0.927    -0.935
 0.3081    0.138     0.123    -0.928    -0.936
 0.3239    0.137     0.121    -0.929    -0.937
 0.3400    0.135     0.120    -0.930    -0.938
 0.3564    0.133     0.118    -0.931    -0.939
 0.3729    0.131     0.116    -0.932    -0.940
 0.3897    0.128     0.114    -0.934    -0.941
 0.4067    0.123     0.110    -0.936    -0.944
 0.4239    0.120     0.107    -0.938    -0.945
 0.4412    0.119     0.105    -0.939    -0.946
 0.4587    0.118     0.104    -0.939    -0.947
 0.4764    0.118     0.104    -0.939    -0.947
 0.4942    0.118     0.104    -0.939    -0.947
 0.5121    0.118     0.104    -0.939    -0.947
 0.5302    0.118     0.104    -0.939    -0.946
 0.5483    0.119     0.105    -0.939    -0.946
 0.5664    0.120     0.106    -0.938    -0.946
 0.5847    0.121     0.107    -0.938    -0.945
 0.6029    0.122     0.108    -0.937    -0.945
 0.6212    0.123     0.109    -0.936    -0.944
 0.6395    0.125     0.110    -0.936    -0.943
 0.6577    0.126     0.111    -0.935    -0.943
 0.6759    0.128     0.113    -0.934    -0.942
 0.6940    0.129     0.114    -0.933    -0.941
 0.7120    0.131     0.116    -0.932    -0.940
 0.7299    0.133     0.117    -0.931    -0.940
 0.7477    0.134     0.119    -0.930    -0.939
 0.7653    0.137     0.121    -0.929    -0.938
 0.7827    0.139     0.123    -0.928    -0.937
 0.7998    0.141     0.125    -0.927    -0.936
 0.8167    0.144     0.127    -0.925    -0.934
 0.8333    0.147     0.130    -0.924    -0.933
 0.8496    0.150     0.133    -0.922    -0.931
 0.8655    0.154     0.137    -0.920    -0.929
 0.8810    0.159     0.141    -0.917    -0.927
 0.8960    0.164     0.146    -0.914    -0.924
 0.9104    0.170     0.151    -0.911    -0.921
 0.9243    0.177     0.157    -0.907    -0.918
 0.9376    0.186     0.163    -0.902    -0.915
 0.9501    0.196     0.169    -0.897    -0.912
 0.9617    0.209     0.173    -0.889    -0.909
 0.9724    0.225     0.176    -0.880    -0.908
 0.9819    0.246     0.178    -0.868    -0.907
 0.9901    0.276     0.179    -0.851    -0.906
 0.9965    0.320     0.180    -0.825    -0.906
 1.0000    0.429     0.185    -0.756    -0.903


