# Force coefficients
# liftDir     : (-1.736480e-01 9.848078e-01 0.000000e+00)
# dragDir     : (9.848078e-01 1.736480e-01 0.000000e+00)
# pitchAxis   : (0.000000e+00 0.000000e+00 1.000000e+00)
# magUInf     : 2.600000e+01
# lRef        : 1.000000e+00
# Aref        : 1.000000e-01
# CofR        : (2.500000e-01 0.000000e+00 0.000000e+00)
# Time        	Cm            	Cd            	Cl            	Cl(f)         	Cl(r)         
0             	1.133030e-03	2.450193e-02	1.298566e-03	1.782313e-03	-4.837465e-04
1             	3.193814e+01	3.281236e+01	1.007373e+02	8.230679e+01	1.843051e+01
2             	2.153923e+01	2.125675e+01	6.855387e+01	5.581616e+01	1.273771e+01
3             	-3.413204e+00	-4.206470e+00	-1.072536e+01	-8.775885e+00	-1.949477e+00
4             	-1.492189e+01	-1.501568e+01	-4.790097e+01	-3.887237e+01	-9.028598e+00
5             	-9.987324e+00	-9.175939e+00	-3.224127e+01	-2.610796e+01	-6.133313e+00
6             	2.563033e+00	3.361241e+00	8.573502e+00	6.849784e+00	1.723718e+00
7             	8.338736e+00	8.377634e+00	2.759483e+01	2.213615e+01	5.458680e+00
8             	5.549452e+00	4.989023e+00	1.855294e+01	1.482592e+01	3.727018e+00
9             	-1.712778e+00	-2.106075e+00	-5.184604e+00	-4.305080e+00	-8.795236e-01
10            	-4.876120e+00	-4.711642e+00	-1.557542e+01	-1.266383e+01	-2.911590e+00
11            	-3.358520e+00	-2.767929e+00	-1.048900e+01	-8.603018e+00	-1.885978e+00
12            	1.005876e+00	1.456178e+00	3.707691e+00	2.859721e+00	8.479701e-01
13            	3.091645e+00	3.071529e+00	1.033163e+01	8.257458e+00	2.074168e+00
14            	2.220220e+00	1.872799e+00	7.264405e+00	5.852423e+00	1.411982e+00
15            	-4.352499e-01	-7.256715e-01	-1.382359e+00	-1.126429e+00	-2.559294e-01
16            	-1.788959e+00	-1.735459e+00	-5.523545e+00	-4.550731e+00	-9.728136e-01
17            	-1.324640e+00	-1.005881e+00	-3.736542e+00	-3.192910e+00	-5.436314e-01
18            	2.706413e-01	6.000732e-01	1.515233e+00	1.028258e+00	4.869753e-01
19            	1.123026e+00	1.229956e+00	4.088092e+00	3.167072e+00	9.210200e-01
20            	8.473519e-01	7.310075e-01	2.932999e+00	2.313851e+00	6.191474e-01
21            	-1.931216e-02	-1.719264e-01	4.627191e-02	3.823797e-03	4.244811e-02
22            	-5.212622e-01	-5.313228e-01	-1.430235e+00	-1.236380e+00	-1.938553e-01
23            	-4.290357e-01	-2.883701e-01	-9.420463e-01	-9.000588e-01	-4.198747e-02
24            	2.576620e-02	2.276229e-01	6.466469e-01	3.490897e-01	2.975573e-01
25            	3.421972e-01	4.629676e-01	1.595426e+00	1.139910e+00	4.555156e-01
26            	3.289923e-01	3.369772e-01	1.414918e+00	1.036451e+00	3.784667e-01
27            	9.741911e-02	5.188159e-02	5.794778e-01	3.871580e-01	1.923198e-01
28            	-9.388969e-02	-9.574301e-02	2.089272e-03	-9.284506e-02	9.493433e-02
29            	-1.160421e-01	-4.479163e-02	2.491699e-02	-1.035836e-01	1.285006e-01
30            	-9.437980e-03	1.048911e-01	4.436203e-01	2.123722e-01	2.312481e-01
31            	1.075740e-01	2.013707e-01	8.152142e-01	5.151811e-01	3.000331e-01
32            	1.396429e-01	1.904075e-01	8.738406e-01	5.765631e-01	2.972774e-01
33            	1.083472e-01	1.232754e-01	7.247838e-01	4.707391e-01	2.540447e-01
34            	4.105000e-02	5.776955e-02	4.988253e-01	2.904626e-01	2.083627e-01
35            	1.520539e-03	4.696744e-02	4.039122e-01	2.034766e-01	2.004356e-01
36            	3.082712e-03	7.593430e-02	4.502744e-01	2.282199e-01	2.220545e-01
37            	3.558035e-02	1.123400e-01	5.740289e-01	3.225948e-01	2.514341e-01
38            	6.930291e-02	1.298403e-01	6.732323e-01	4.059190e-01	2.673132e-01
39            	8.741852e-02	1.267223e-01	7.082012e-01	4.415191e-01	2.666821e-01
40            	8.085120e-02	1.122126e-01	6.742707e-01	4.179865e-01	2.562841e-01
41            	5.847170e-02	9.677338e-02	6.074453e-01	3.621943e-01	2.452509e-01
42            	3.501965e-02	8.888887e-02	5.548205e-01	3.124299e-01	2.423906e-01
43            	2.856434e-02	9.124296e-02	5.531938e-01	3.051612e-01	2.480325e-01
44            	3.492044e-02	9.759109e-02	5.825831e-01	3.262120e-01	2.563711e-01
45            	5.424766e-02	1.082758e-01	6.415856e-01	3.750405e-01	2.665452e-01
46            	6.521599e-02	1.120157e-01	6.687074e-01	3.995697e-01	2.691377e-01
47            	6.950141e-02	1.119544e-01	6.742697e-01	4.066362e-01	2.676334e-01
48            	6.540206e-02	1.089391e-01	6.613466e-01	3.960754e-01	2.652713e-01
49            	5.583481e-02	1.043024e-01	6.400752e-01	3.758724e-01	2.642028e-01
50            	4.755853e-02	1.008263e-01	6.267510e-01	3.609340e-01	2.658169e-01
51            	4.557000e-02	1.001327e-01	6.275096e-01	3.593248e-01	2.681848e-01
52            	4.713694e-02	1.010218e-01	6.380259e-01	3.661499e-01	2.718760e-01
53            	5.248396e-02	1.037868e-01	6.563651e-01	3.806665e-01	2.756986e-01
54            	5.776645e-02	1.066725e-01	6.716125e-01	3.935727e-01	2.780398e-01
55            	5.971234e-02	1.078903e-01	6.774046e-01	3.984146e-01	2.789900e-01
56            	6.005218e-02	1.082573e-01	6.794802e-01	3.997923e-01	2.796879e-01
57            	5.874940e-02	1.075288e-01	6.786020e-01	3.980504e-01	2.805516e-01
58            	5.656545e-02	1.061316e-01	6.767721e-01	3.949515e-01	2.818206e-01
59            	5.442949e-02	1.046604e-01	6.757831e-01	3.923210e-01	2.834620e-01
60            	5.324685e-02	1.037858e-01	6.769779e-01	3.917358e-01	2.852421e-01
61            	5.313605e-02	1.036708e-01	6.801542e-01	3.932132e-01	2.869410e-01
62            	5.385662e-02	1.041740e-01	6.852449e-01	3.964791e-01	2.887658e-01
63            	5.535945e-02	1.052968e-01	6.925449e-01	4.016319e-01	2.909130e-01
64            	5.704522e-02	1.065842e-01	7.000113e-01	4.070509e-01	2.929604e-01
65            	5.815394e-02	1.073804e-01	7.053198e-01	4.108138e-01	2.945059e-01
66            	5.821143e-02	1.073620e-01	7.059692e-01	4.111960e-01	2.947732e-01
67            	5.803451e-02	1.070535e-01	7.088664e-01	4.124677e-01	2.963987e-01
68            	5.755106e-02	1.064881e-01	7.117644e-01	4.134333e-01	2.983311e-01
69            	5.705232e-02	1.059189e-01	7.146227e-01	4.143637e-01	3.002590e-01
70            	5.698618e-02	1.058047e-01	7.153691e-01	4.146707e-01	3.006984e-01
71            	5.688334e-02	1.056666e-01	7.200738e-01	4.169203e-01	3.031536e-01
72            	5.701380e-02	1.057875e-01	7.249649e-01	4.194962e-01	3.054687e-01
73            	5.731975e-02	1.060779e-01	7.293611e-01	4.220003e-01	3.073608e-01
74            	5.741079e-02	1.061291e-01	7.305577e-01	4.226896e-01	3.078681e-01
75            	5.795517e-02	1.065875e-01	7.355850e-01	4.257477e-01	3.098373e-01
76            	5.851864e-02	1.069974e-01	7.405132e-01	4.287752e-01	3.117379e-01
77            	5.898327e-02	1.072474e-01	7.446125e-01	4.312895e-01	3.133230e-01
78            	5.903792e-02	1.072097e-01	7.455260e-01	4.318009e-01	3.137251e-01
79            	5.920402e-02	1.071103e-01	7.497583e-01	4.340832e-01	3.156751e-01
80            	5.928864e-02	1.069468e-01	7.542396e-01	4.364084e-01	3.178312e-01
81            	5.936518e-02	1.068081e-01	7.584743e-01	4.386023e-01	3.198719e-01
82            	5.937936e-02	1.067378e-01	7.596653e-01	4.392120e-01	3.204533e-01
83            	5.952236e-02	1.067393e-01	7.644299e-01	4.417373e-01	3.226926e-01
84            	5.976020e-02	1.068493e-01	7.692669e-01	4.443936e-01	3.248732e-01
85            	6.011651e-02	1.070589e-01	7.738100e-01	4.470215e-01	3.267885e-01
86            	6.022049e-02	1.070703e-01	7.751637e-01	4.478023e-01	3.273613e-01
87            	6.068584e-02	1.073310e-01	7.802473e-01	4.508095e-01	3.294378e-01
88            	6.113967e-02	1.075649e-01	7.852778e-01	4.537786e-01	3.314992e-01
89            	6.154474e-02	1.077393e-01	7.897408e-01	4.564151e-01	3.333256e-01
90            	6.160993e-02	1.077004e-01	7.909377e-01	4.570788e-01	3.338589e-01
91            	6.180996e-02	1.076911e-01	7.956546e-01	4.596373e-01	3.360173e-01
92            	6.195235e-02	1.076548e-01	8.004793e-01	4.621920e-01	3.382873e-01
93            	6.210351e-02	1.076330e-01	8.049967e-01	4.646018e-01	3.403948e-01
94            	6.228920e-02	1.076443e-01	8.089918e-01	4.667851e-01	3.422067e-01
95            	6.232632e-02	1.075862e-01	8.100638e-01	4.673582e-01	3.427056e-01
96            	6.253489e-02	1.075803e-01	8.146425e-01	4.698561e-01	3.447864e-01
97            	6.282864e-02	1.076293e-01	8.197125e-01	4.726849e-01	3.470276e-01
98            	6.325119e-02	1.077823e-01	8.248624e-01	4.756824e-01	3.491800e-01
99            	6.375812e-02	1.079924e-01	8.296198e-01	4.785680e-01	3.510518e-01
100           	6.384331e-02	1.079650e-01	8.306915e-01	4.791891e-01	3.515024e-01
101           	6.417569e-02	1.080192e-01	8.354059e-01	4.818786e-01	3.535272e-01
102           	6.444408e-02	1.080483e-01	8.403782e-01	4.846332e-01	3.557450e-01
103           	6.468731e-02	1.080738e-01	8.451903e-01	4.872825e-01	3.579079e-01
104           	6.489694e-02	1.081040e-01	8.495346e-01	4.896642e-01	3.598704e-01
105           	6.490961e-02	1.080265e-01	8.505296e-01	4.901744e-01	3.603552e-01
106           	6.490367e-02	1.078815e-01	8.549341e-01	4.923707e-01	3.625634e-01
107           	6.487698e-02	1.077306e-01	8.594335e-01	4.945937e-01	3.648398e-01
108           	6.491540e-02	1.076483e-01	8.637063e-01	4.967686e-01	3.669378e-01
109           	6.504982e-02	1.076206e-01	8.675457e-01	4.988227e-01	3.687230e-01
110           	6.507143e-02	1.075468e-01	8.684164e-01	4.992796e-01	3.691368e-01
111           	6.519871e-02	1.074234e-01	8.726327e-01	5.015151e-01	3.711176e-01
112           	6.532634e-02	1.073165e-01	8.771785e-01	5.039156e-01	3.732629e-01
113           	6.548989e-02	1.072612e-01	8.815994e-01	5.062896e-01	3.753098e-01
114           	6.566852e-02	1.072526e-01	8.855965e-01	5.084668e-01	3.771297e-01
115           	6.567301e-02	1.071678e-01	8.863361e-01	5.088411e-01	3.774950e-01
116           	6.561625e-02	1.069326e-01	8.900976e-01	5.106651e-01	3.794326e-01
117           	6.549066e-02	1.066628e-01	8.940622e-01	5.125217e-01	3.815404e-01
118           	6.536625e-02	1.064333e-01	8.978494e-01	5.142910e-01	3.835585e-01
119           	6.532575e-02	1.063092e-01	8.987591e-01	5.147053e-01	3.840538e-01
120           	6.515742e-02	1.060038e-01	9.028276e-01	5.165712e-01	3.862564e-01
121           	6.500220e-02	1.057161e-01	9.065027e-01	5.182535e-01	3.882491e-01
122           	6.495041e-02	1.055741e-01	9.074231e-01	5.186620e-01	3.887611e-01
123           	6.476119e-02	1.052475e-01	9.110769e-01	5.202996e-01	3.907773e-01
124           	6.458429e-02	1.049516e-01	9.144405e-01	5.218046e-01	3.926360e-01
125           	6.452827e-02	1.048057e-01	9.152664e-01	5.221615e-01	3.931049e-01
126           	6.428873e-02	1.044218e-01	9.186839e-01	5.236307e-01	3.950532e-01
127           	6.404789e-02	1.040536e-01	9.217220e-01	5.249089e-01	3.968131e-01
128           	6.397505e-02	1.038965e-01	9.224533e-01	5.252017e-01	3.972516e-01
129           	6.363121e-02	1.034408e-01	9.254346e-01	5.263485e-01	3.990861e-01
130           	6.327692e-02	1.030022e-01	9.281310e-01	5.273424e-01	4.007886e-01
131           	6.317695e-02	1.028213e-01	9.288266e-01	5.275902e-01	4.012363e-01
132           	6.273734e-02	1.022923e-01	9.314703e-01	5.284725e-01	4.029978e-01
133           	6.257866e-02	1.020346e-01	9.323905e-01	5.287739e-01	4.036166e-01
134           	6.203897e-02	1.014244e-01	9.352737e-01	5.296758e-01	4.055979e-01
135           	6.186356e-02	1.011578e-01	9.362048e-01	5.299660e-01	4.062388e-01
136           	6.134666e-02	1.005890e-01	9.387724e-01	5.307328e-01	4.080395e-01
137           	6.120501e-02	1.003630e-01	9.394683e-01	5.309391e-01	4.085291e-01
138           	6.100852e-02	1.000566e-01	9.404098e-01	5.312134e-01	4.091964e-01
139           	6.040474e-02	9.937617e-02	9.431426e-01	5.319760e-01	4.111665e-01
140           	6.019708e-02	9.907482e-02	9.440436e-01	5.322189e-01	4.118247e-01
141           	5.964628e-02	9.847527e-02	9.461073e-01	5.326999e-01	4.134074e-01
142           	5.951375e-02	9.826472e-02	9.465644e-01	5.327959e-01	4.137684e-01
143           	5.903806e-02	9.768950e-02	9.478923e-01	5.329842e-01	4.149081e-01
144           	5.888557e-02	9.744674e-02	9.483485e-01	5.330598e-01	4.152887e-01
145           	5.833878e-02	9.680395e-02	9.497956e-01	5.332366e-01	4.165590e-01
146           	5.783838e-02	9.623015e-02	9.510248e-01	5.333508e-01	4.176740e-01
147           	5.771441e-02	9.603556e-02	9.513466e-01	5.333877e-01	4.179589e-01
148           	5.724322e-02	9.547251e-02	9.524901e-01	5.334883e-01	4.190019e-01
149           	5.681374e-02	9.496938e-02	9.535490e-01	5.335882e-01	4.199608e-01
150           	5.668359e-02	9.477412e-02	9.539099e-01	5.336386e-01	4.202714e-01
151           	5.621065e-02	9.423802e-02	9.551305e-01	5.337759e-01	4.213546e-01
152           	5.574653e-02	9.372791e-02	9.561954e-01	5.338442e-01	4.223512e-01
153           	5.532896e-02	9.327290e-02	9.569087e-01	5.337833e-01	4.231254e-01
154           	5.521902e-02	9.311234e-02	9.570848e-01	5.337614e-01	4.233234e-01
155           	5.473520e-02	9.255006e-02	9.576846e-01	5.335775e-01	4.241071e-01
156           	5.424063e-02	9.198635e-02	9.582521e-01	5.333667e-01	4.248854e-01
157           	5.378153e-02	9.147806e-02	9.586649e-01	5.331140e-01	4.255509e-01
158           	5.365251e-02	9.130119e-02	9.588137e-01	5.330594e-01	4.257543e-01
159           	5.315164e-02	9.074013e-02	9.592991e-01	5.328012e-01	4.264979e-01
160           	5.267404e-02	9.021255e-02	9.597731e-01	5.325606e-01	4.272125e-01
161           	5.225666e-02	8.975909e-02	9.601275e-01	5.323204e-01	4.278071e-01
162           	5.215278e-02	8.961380e-02	9.602540e-01	5.322798e-01	4.279742e-01
163           	5.173383e-02	8.913161e-02	9.607160e-01	5.320918e-01	4.286242e-01
164           	5.131793e-02	8.865902e-02	9.611649e-01	5.319004e-01	4.292645e-01
165           	5.092964e-02	8.822803e-02	9.614652e-01	5.316622e-01	4.298029e-01
166           	5.082283e-02	8.808222e-02	9.615584e-01	5.316021e-01	4.299564e-01
167           	5.037903e-02	8.757761e-02	9.617922e-01	5.312751e-01	4.305170e-01
168           	4.993505e-02	8.708187e-02	9.619577e-01	5.309139e-01	4.310438e-01
169           	4.952229e-02	8.663461e-02	9.619754e-01	5.305100e-01	4.314654e-01
170           	4.941942e-02	8.649902e-02	9.620029e-01	5.304209e-01	4.315820e-01
171           	4.898446e-02	8.601912e-02	9.620208e-01	5.299949e-01	4.320260e-01
172           	4.855593e-02	8.555429e-02	9.620402e-01	5.295760e-01	4.324642e-01
173           	4.816084e-02	8.513679e-02	9.619872e-01	5.291544e-01	4.328327e-01
174           	4.806115e-02	8.500901e-02	9.620042e-01	5.290632e-01	4.329409e-01
175           	4.764970e-02	8.456175e-02	9.620132e-01	5.286563e-01	4.333569e-01
176           	4.724757e-02	8.413083e-02	9.620244e-01	5.282598e-01	4.337646e-01
177           	4.687646e-02	8.374402e-02	9.619519e-01	5.278524e-01	4.340995e-01
178           	4.678339e-02	8.362689e-02	9.619543e-01	5.277605e-01	4.341937e-01
179           	4.638865e-02	8.320608e-02	9.618701e-01	5.273237e-01	4.345464e-01
180           	4.599570e-02	8.279265e-02	9.617604e-01	5.268759e-01	4.348845e-01
181           	4.562751e-02	8.241360e-02	9.615619e-01	5.264084e-01	4.351534e-01
182           	4.553634e-02	8.230044e-02	9.615328e-01	5.263027e-01	4.352301e-01
183           	4.514572e-02	8.188567e-02	9.613228e-01	5.258071e-01	4.355157e-01
184           	4.476488e-02	8.148544e-02	9.611220e-01	5.253259e-01	4.357961e-01
185           	4.441662e-02	8.112770e-02	9.608846e-01	5.248589e-01	4.360257e-01
186           	4.433433e-02	8.102610e-02	9.608564e-01	5.247625e-01	4.360939e-01
187           	4.397953e-02	8.065399e-02	9.606802e-01	5.243196e-01	4.363606e-01
188           	4.362987e-02	8.029294e-02	9.605137e-01	5.238867e-01	4.366270e-01
189           	4.330404e-02	7.996484e-02	9.602970e-01	5.234525e-01	4.368445e-01
190           	4.322513e-02	7.986983e-02	9.602647e-01	5.233575e-01	4.369072e-01
191           	4.287833e-02	7.951302e-02	9.600437e-01	5.229002e-01	4.371435e-01
192           	4.253561e-02	7.916468e-02	9.598155e-01	5.224434e-01	4.373721e-01
193           	4.221700e-02	7.884795e-02	9.595379e-01	5.219859e-01	4.375519e-01
194           	4.214301e-02	7.876011e-02	9.594944e-01	5.218902e-01	4.376042e-01
195           	4.181351e-02	7.842400e-02	9.592350e-01	5.214310e-01	4.378040e-01
196           	4.149005e-02	7.809708e-02	9.589896e-01	5.209848e-01	4.380047e-01
197           	4.119097e-02	7.780065e-02	9.587210e-01	5.205515e-01	4.381695e-01
198           	4.112206e-02	7.771938e-02	9.586829e-01	5.204635e-01	4.382194e-01
199           	4.081476e-02	7.740842e-02	9.584637e-01	5.200466e-01	4.384171e-01
200           	4.051282e-02	7.710767e-02	9.582585e-01	5.196421e-01	4.386164e-01
201           	4.042287e-02	7.700686e-02	9.582192e-01	5.195325e-01	4.386868e-01
202           	4.008685e-02	7.667949e-02	9.579921e-01	5.190829e-01	4.389092e-01
203           	3.976678e-02	7.637523e-02	9.577227e-01	5.186281e-01	4.390945e-01
204           	3.969010e-02	7.629072e-02	9.576683e-01	5.185242e-01	4.391440e-01
205           	3.936618e-02	7.598332e-02	9.573457e-01	5.180390e-01	4.393066e-01
206           	3.906589e-02	7.570196e-02	9.570369e-01	5.175843e-01	4.394525e-01
207           	3.899219e-02	7.562264e-02	9.569858e-01	5.174851e-01	4.395007e-01
208           	3.869947e-02	7.534467e-02	9.567463e-01	5.170726e-01	4.396737e-01
209           	3.842334e-02	7.508510e-02	9.565241e-01	5.166854e-01	4.398387e-01
210           	3.835170e-02	7.500728e-02	9.564872e-01	5.165953e-01	4.398919e-01
211           	3.806663e-02	7.473647e-02	9.562886e-01	5.162109e-01	4.400777e-01
212           	3.779930e-02	7.448653e-02	9.560933e-01	5.158459e-01	4.402473e-01
213           	3.773532e-02	7.441872e-02	9.560640e-01	5.157673e-01	4.402967e-01
214           	3.746824e-02	7.417140e-02	9.558795e-01	5.154080e-01	4.404715e-01
215           	3.721190e-02	7.394004e-02	9.556825e-01	5.150532e-01	4.406294e-01
216           	3.714601e-02	7.387262e-02	9.556455e-01	5.149688e-01	4.406767e-01
217           	3.687681e-02	7.363014e-02	9.554271e-01	5.145904e-01	4.408367e-01
218           	3.662226e-02	7.340298e-02	9.552058e-01	5.142252e-01	4.409806e-01
219           	3.656212e-02	7.334240e-02	9.551717e-01	5.141479e-01	4.410237e-01
220           	3.631297e-02	7.311685e-02	9.549813e-01	5.138036e-01	4.411777e-01
221           	3.623443e-02	7.303966e-02	9.549540e-01	5.137114e-01	4.412426e-01
222           	3.596297e-02	7.279710e-02	9.548068e-01	5.133664e-01	4.414405e-01
223           	3.571117e-02	7.258024e-02	9.546364e-01	5.130293e-01	4.416070e-01
224           	3.566150e-02	7.253241e-02	9.546095e-01	5.129663e-01	4.416432e-01
225           	3.559150e-02	7.246603e-02	9.545775e-01	5.128802e-01	4.416972e-01
226           	3.531790e-02	7.223036e-02	9.544150e-01	5.125254e-01	4.418896e-01
227           	3.505825e-02	7.201612e-02	9.542379e-01	5.121772e-01	4.420607e-01
228           	3.500294e-02	7.196737e-02	9.542059e-01	5.121059e-01	4.421000e-01
229           	3.493159e-02	7.190512e-02	9.541671e-01	5.120151e-01	4.421520e-01
230           	3.466385e-02	7.168466e-02	9.539809e-01	5.116543e-01	4.423266e-01
231           	3.457931e-02	7.161346e-02	9.539490e-01	5.115538e-01	4.423952e-01
232           	3.431841e-02	7.140470e-02	9.537835e-01	5.112101e-01	4.425733e-01
233           	3.425378e-02	7.135243e-02	9.537577e-01	5.111326e-01	4.426251e-01
234           	3.417910e-02	7.129081e-02	9.537331e-01	5.110457e-01	4.426875e-01
235           	3.393215e-02	7.109777e-02	9.536087e-01	5.107365e-01	4.428722e-01
236           	3.386251e-02	7.104298e-02	9.535904e-01	5.106577e-01	4.429327e-01
237           	3.378429e-02	7.098249e-02	9.535741e-01	5.105713e-01	4.430028e-01
238           	3.354171e-02	7.079868e-02	9.534627e-01	5.102730e-01	4.431896e-01
239           	3.347795e-02	7.075214e-02	9.534427e-01	5.101993e-01	4.432434e-01
240           	3.340996e-02	7.070206e-02	9.534210e-01	5.101205e-01	4.433006e-01
241           	3.318500e-02	7.053944e-02	9.532967e-01	5.098334e-01	4.434633e-01
242           	3.312934e-02	7.050087e-02	9.532775e-01	5.097681e-01	4.435094e-01
243           	3.306860e-02	7.046005e-02	9.532617e-01	5.096994e-01	4.435622e-01
244           	3.287105e-02	7.032452e-02	9.531783e-01	5.094602e-01	4.437181e-01
245           	3.281782e-02	7.029130e-02	9.531674e-01	5.094015e-01	4.437659e-01
246           	3.276011e-02	7.025508e-02	9.531610e-01	5.093406e-01	4.438204e-01
247           	3.269135e-02	7.021332e-02	9.531658e-01	5.092742e-01	4.438915e-01
248           	3.248975e-02	7.008155e-02	9.531551e-01	5.090673e-01	4.440878e-01
249           	3.243788e-02	7.005295e-02	9.531588e-01	5.090173e-01	4.441415e-01
250           	3.239063e-02	7.002755e-02	9.531624e-01	5.089718e-01	4.441906e-01
251           	3.233828e-02	7.000188e-02	9.531725e-01	5.089245e-01	4.442480e-01
252           	3.227836e-02	6.997280e-02	9.531936e-01	5.088751e-01	4.443184e-01
253           	3.210320e-02	6.987496e-02	9.532402e-01	5.087233e-01	4.445169e-01
254           	3.205946e-02	6.985570e-02	9.532528e-01	5.086859e-01	4.445669e-01
255           	3.202179e-02	6.984146e-02	9.532628e-01	5.086532e-01	4.446096e-01
256           	3.198244e-02	6.982830e-02	9.532786e-01	5.086218e-01	4.446569e-01
257           	3.193920e-02	6.981685e-02	9.533067e-01	5.085925e-01	4.447141e-01
258           	3.181798e-02	6.976658e-02	9.533983e-01	5.085171e-01	4.448812e-01
259           	3.178632e-02	6.975953e-02	9.534282e-01	5.085004e-01	4.449278e-01
260           	3.175812e-02	6.975433e-02	9.534624e-01	5.084893e-01	4.449731e-01
261           	3.172888e-02	6.975313e-02	9.535121e-01	5.084849e-01	4.450272e-01
262           	3.164584e-02	6.973751e-02	9.537081e-01	5.084999e-01	4.452082e-01
263           	3.162653e-02	6.974035e-02	9.537546e-01	5.085038e-01	4.452508e-01
264           	3.160936e-02	6.974519e-02	9.538070e-01	5.085129e-01	4.452942e-01
265           	3.159287e-02	6.975572e-02	9.538778e-01	5.085318e-01	4.453460e-01
266           	3.155461e-02	6.977301e-02	9.541330e-01	5.086211e-01	4.455119e-01
267           	3.154362e-02	6.978338e-02	9.542028e-01	5.086450e-01	4.455578e-01
268           	3.153396e-02	6.979501e-02	9.542815e-01	5.086747e-01	4.456068e-01
269           	3.152574e-02	6.981320e-02	9.543861e-01	5.087188e-01	4.456673e-01
270           	3.151197e-02	6.985245e-02	9.547587e-01	5.088913e-01	4.458674e-01
271           	3.150719e-02	6.986738e-02	9.548441e-01	5.089292e-01	4.459148e-01
272           	3.150385e-02	6.988353e-02	9.549340e-01	5.089709e-01	4.459632e-01
273           	3.150453e-02	6.992964e-02	9.552811e-01	5.091451e-01	4.461360e-01
274           	3.150375e-02	6.994513e-02	9.553562e-01	5.091819e-01	4.461744e-01
275           	3.150584e-02	6.996691e-02	9.554494e-01	5.092305e-01	4.462188e-01
276           	3.152640e-02	7.002756e-02	9.558054e-01	5.094291e-01	4.463763e-01
277           	3.153199e-02	7.005078e-02	9.559086e-01	5.094863e-01	4.464223e-01
278           	3.154174e-02	7.007907e-02	9.560431e-01	5.095633e-01	4.464798e-01
279           	3.158745e-02	7.016087e-02	9.565551e-01	5.098650e-01	4.466901e-01
280           	3.159797e-02	7.018582e-02	9.566834e-01	5.099397e-01	4.467437e-01
281           	3.161241e-02	7.021661e-02	9.568382e-01	5.100315e-01	4.468067e-01
282           	3.167403e-02	7.030583e-02	9.574124e-01	5.103802e-01	4.470322e-01
283           	3.168841e-02	7.033298e-02	9.575507e-01	5.104638e-01	4.470870e-01
284           	3.174578e-02	7.041107e-02	9.580608e-01	5.107762e-01	4.472846e-01
285           	3.175660e-02	7.043171e-02	9.581613e-01	5.108372e-01	4.473241e-01
286           	3.177368e-02	7.046005e-02	9.582979e-01	5.109226e-01	4.473753e-01
287           	3.184351e-02	7.055017e-02	9.588114e-01	5.112492e-01	4.475622e-01
288           	3.191043e-02	7.063331e-02	9.593262e-01	5.115735e-01	4.477527e-01
289           	3.192076e-02	7.065123e-02	9.594199e-01	5.116307e-01	4.477892e-01
290           	3.193678e-02	7.067566e-02	9.595561e-01	5.117148e-01	4.478412e-01
291           	3.202556e-02	7.078020e-02	9.602324e-01	5.121418e-01	4.480906e-01
292           	3.211242e-02	7.087598e-02	9.608751e-01	5.125500e-01	4.483252e-01
293           	3.212838e-02	7.089696e-02	9.609962e-01	5.126265e-01	4.483697e-01
294           	3.215335e-02	7.092590e-02	9.611715e-01	5.127391e-01	4.484324e-01
295           	3.225551e-02	7.102926e-02	9.618637e-01	5.131874e-01	4.486763e-01
296           	3.235261e-02	7.112599e-02	9.625306e-01	5.136179e-01	4.489127e-01
297           	3.236974e-02	7.114667e-02	9.626565e-01	5.136980e-01	4.489585e-01
298           	3.239419e-02	7.117408e-02	9.628329e-01	5.138107e-01	4.490223e-01
299           	3.250710e-02	7.128591e-02	9.636255e-01	5.143199e-01	4.493057e-01
300           	3.261519e-02	7.138887e-02	9.643834e-01	5.148069e-01	4.495765e-01
301           	3.263549e-02	7.141020e-02	9.645304e-01	5.149007e-01	4.496297e-01
302           	3.266599e-02	7.143921e-02	9.647452e-01	5.150386e-01	4.497066e-01
303           	3.279043e-02	7.155087e-02	9.656078e-01	5.155943e-01	4.500135e-01
304           	3.290839e-02	7.165572e-02	9.664263e-01	5.161215e-01	4.503047e-01
305           	3.292982e-02	7.167669e-02	9.665813e-01	5.162204e-01	4.503608e-01
306           	3.295984e-02	7.170384e-02	9.667970e-01	5.163583e-01	4.504387e-01
307           	3.308945e-02	7.181525e-02	9.677172e-01	5.169481e-01	4.507692e-01
308           	3.321220e-02	7.191814e-02	9.685851e-01	5.175047e-01	4.510803e-01
309           	3.323561e-02	7.193831e-02	9.687551e-01	5.176131e-01	4.511419e-01
310           	3.326964e-02	7.196525e-02	9.689998e-01	5.177695e-01	4.512303e-01
311           	3.340717e-02	7.207549e-02	9.699826e-01	5.183985e-01	4.515841e-01
312           	3.353882e-02	7.218110e-02	9.709164e-01	5.189970e-01	4.519194e-01
313           	3.356385e-02	7.220142e-02	9.710992e-01	5.191134e-01	4.519857e-01
314           	3.359923e-02	7.222788e-02	9.713581e-01	5.192783e-01	4.520798e-01
315           	3.374677e-02	7.234043e-02	9.724307e-01	5.199621e-01	4.524686e-01
316           	3.388506e-02	7.244424e-02	9.734274e-01	5.205988e-01	4.528287e-01
317           	3.391058e-02	7.246227e-02	9.736166e-01	5.207189e-01	4.528977e-01
318           	3.394637e-02	7.248527e-02	9.738836e-01	5.208882e-01	4.529954e-01
319           	3.409198e-02	7.258784e-02	9.749695e-01	5.215767e-01	4.533928e-01
320           	3.423121e-02	7.268808e-02	9.759987e-01	5.222306e-01	4.537681e-01
321           	3.425796e-02	7.270622e-02	9.762034e-01	5.223597e-01	4.538438e-01
322           	3.438399e-02	7.279638e-02	9.771402e-01	5.229541e-01	4.541861e-01
323           	3.441365e-02	7.281440e-02	9.773742e-01	5.231008e-01	4.542735e-01
324           	3.453825e-02	7.289442e-02	9.783471e-01	5.237118e-01	4.546353e-01
325           	3.465967e-02	7.297345e-02	9.792844e-01	5.243019e-01	4.549825e-01
326           	3.468624e-02	7.298727e-02	9.794953e-01	5.244339e-01	4.550614e-01
327           	3.481628e-02	7.307044e-02	9.804925e-01	5.250626e-01	4.554300e-01
328           	3.485222e-02	7.308895e-02	9.807828e-01	5.252436e-01	4.555392e-01
329           	3.500065e-02	7.318297e-02	9.819528e-01	5.259770e-01	4.559757e-01
330           	3.514135e-02	7.327373e-02	9.830352e-01	5.266589e-01	4.563762e-01
331           	3.516652e-02	7.328609e-02	9.832363e-01	5.267847e-01	4.564517e-01
332           	3.529424e-02	7.336153e-02	9.842147e-01	5.274016e-01	4.568131e-01
333           	3.532634e-02	7.337482e-02	9.844826e-01	5.275676e-01	4.569149e-01
334           	3.546239e-02	7.344782e-02	9.856016e-01	5.282632e-01	4.573384e-01
335           	3.559780e-02	7.352594e-02	9.866902e-01	5.289429e-01	4.577473e-01
336           	3.562542e-02	7.353691e-02	9.869202e-01	5.290855e-01	4.578347e-01
337           	3.576568e-02	7.361835e-02	9.880312e-01	5.297813e-01	4.582499e-01
338           	3.579933e-02	7.363052e-02	9.883238e-01	5.299612e-01	4.583625e-01
339           	3.594151e-02	7.370633e-02	9.895280e-01	5.307055e-01	4.588225e-01
340           	3.607659e-02	7.378037e-02	9.906406e-01	5.313969e-01	4.592437e-01
341           	3.610243e-02	7.378879e-02	9.908615e-01	5.315332e-01	4.593283e-01
342           	3.623430e-02	7.385503e-02	9.919255e-01	5.321970e-01	4.597284e-01
343           	3.626787e-02	7.386409e-02	9.922254e-01	5.323806e-01	4.598448e-01
344           	3.641019e-02	7.392974e-02	9.934610e-01	5.331407e-01	4.603203e-01
345           	3.654927e-02	7.400057e-02	9.946279e-01	5.338632e-01	4.607647e-01
346           	3.657510e-02	7.400665e-02	9.948540e-01	5.340021e-01	4.608519e-01
347           	3.671182e-02	7.407369e-02	9.959760e-01	5.346998e-01	4.612762e-01
348           	3.674400e-02	7.407960e-02	9.962743e-01	5.348812e-01	4.613932e-01
349           	3.688339e-02	7.413962e-02	9.975267e-01	5.356467e-01	4.618799e-01
350           	3.701920e-02	7.420300e-02	9.987025e-01	5.363704e-01	4.623320e-01
351           	3.704548e-02	7.420805e-02	9.989389e-01	5.365149e-01	4.624240e-01
352           	3.718198e-02	7.426826e-02	1.000084e+00	5.372238e-01	4.628598e-01
353           	3.721445e-02	7.427232e-02	1.000394e+00	5.374115e-01	4.629826e-01
354           	3.735274e-02	7.432438e-02	1.001673e+00	5.381890e-01	4.634835e-01
355           	3.748624e-02	7.438148e-02	1.002859e+00	5.389157e-01	4.639432e-01
356           	3.751106e-02	7.438325e-02	1.003089e+00	5.390557e-01	4.640336e-01
357           	3.764321e-02	7.443615e-02	1.004225e+00	5.397558e-01	4.644694e-01
358           	3.767486e-02	7.443686e-02	1.004538e+00	5.399437e-01	4.645940e-01
359           	3.781179e-02	7.448379e-02	1.005838e+00	5.407308e-01	4.651072e-01
360           	3.794515e-02	7.453612e-02	1.007048e+00	5.414692e-01	4.655789e-01
361           	3.797015e-02	7.453707e-02	1.007285e+00	5.416126e-01	4.656723e-01
362           	3.810254e-02	7.458528e-02	1.008442e+00	5.423234e-01	4.661183e-01
363           	3.822051e-02	7.462642e-02	1.009484e+00	5.429624e-01	4.665214e-01
364           	3.824150e-02	7.462219e-02	1.009702e+00	5.430926e-01	4.666096e-01
365           	3.834401e-02	7.464156e-02	1.010754e+00	5.437209e-01	4.670329e-01
366           	3.845041e-02	7.466730e-02	1.011824e+00	5.443625e-01	4.674617e-01
367           	3.847648e-02	7.466463e-02	1.012102e+00	5.445276e-01	4.675747e-01
368           	3.861125e-02	7.470792e-02	1.013401e+00	5.453118e-01	4.680893e-01
369           	3.874203e-02	7.475555e-02	1.014607e+00	5.460457e-01	4.685616e-01
370           	3.876472e-02	7.475177e-02	1.014839e+00	5.461841e-01	4.686547e-01
371           	3.888045e-02	7.478065e-02	1.015944e+00	5.468524e-01	4.690915e-01
372           	3.898983e-02	7.480683e-02	1.016982e+00	5.474810e-01	4.695013e-01
373           	3.901353e-02	7.480094e-02	1.017233e+00	5.476302e-01	4.696031e-01
374           	3.912847e-02	7.482035e-02	1.018392e+00	5.483242e-01	4.700673e-01
375           	3.924173e-02	7.484509e-02	1.019514e+00	5.489985e-01	4.705151e-01
376           	3.926451e-02	7.483787e-02	1.019767e+00	5.491478e-01	4.706188e-01
377           	3.938077e-02	7.486223e-02	1.020968e+00	5.498650e-01	4.711035e-01
378           	3.948904e-02	7.488664e-02	1.022072e+00	5.505250e-01	4.715469e-01
379           	3.950960e-02	7.487882e-02	1.022309e+00	5.506640e-01	4.716448e-01
380           	3.961180e-02	7.489067e-02	1.023404e+00	5.513139e-01	4.720903e-01
381           	3.971313e-02	7.490643e-02	1.024458e+00	5.519423e-01	4.725161e-01
382           	3.973546e-02	7.489682e-02	1.024714e+00	5.520922e-01	4.726213e-01
383           	3.984711e-02	7.491142e-02	1.025895e+00	5.527944e-01	4.731001e-01
384           	3.995335e-02	7.492742e-02	1.026995e+00	5.534507e-01	4.735440e-01
385           	3.997340e-02	7.491707e-02	1.027233e+00	5.535897e-01	4.736429e-01
386           	4.007329e-02	7.492217e-02	1.028339e+00	5.542429e-01	4.740963e-01
387           	4.016829e-02	7.493030e-02	1.029378e+00	5.548574e-01	4.745209e-01
388           	4.018809e-02	7.491814e-02	1.029623e+00	5.549996e-01	4.746234e-01
389           	4.028509e-02	7.492103e-02	1.030741e+00	5.556556e-01	4.750854e-01
390           	4.037815e-02	7.492628e-02	1.031791e+00	5.562737e-01	4.755174e-01
391           	4.039695e-02	7.491342e-02	1.032033e+00	5.564136e-01	4.756197e-01
392           	4.049005e-02	7.491162e-02	1.033139e+00	5.570597e-01	4.760796e-01
393           	4.057770e-02	7.491229e-02	1.034162e+00	5.576585e-01	4.765031e-01
394           	4.059500e-02	7.489730e-02	1.034394e+00	5.577919e-01	4.766019e-01
395           	4.068042e-02	7.488860e-02	1.035454e+00	5.584074e-01	4.770466e-01
396           	4.076274e-02	7.488297e-02	1.036451e+00	5.589883e-01	4.774628e-01
397           	4.078005e-02	7.486757e-02	1.036690e+00	5.591251e-01	4.775650e-01
398           	4.086540e-02	7.485770e-02	1.037772e+00	5.597513e-01	4.780205e-01
399           	4.094546e-02	7.485110e-02	1.038769e+00	5.603302e-01	4.784393e-01
400           	4.096096e-02	7.483382e-02	1.038997e+00	5.604594e-01	4.785375e-01
401           	4.103636e-02	7.481694e-02	1.040023e+00	5.610479e-01	4.789752e-01
402           	4.110697e-02	7.480200e-02	1.040972e+00	5.615932e-01	4.793793e-01
403           	4.112132e-02	7.478368e-02	1.041199e+00	5.617210e-01	4.794784e-01
404           	4.119192e-02	7.476157e-02	1.042217e+00	5.623006e-01	4.799167e-01
405           	4.125886e-02	7.474376e-02	1.043160e+00	5.628386e-01	4.803209e-01
406           	4.127223e-02	7.472385e-02	1.043382e+00	5.629630e-01	4.804186e-01
407           	4.133807e-02	7.469879e-02	1.044377e+00	5.635268e-01	4.808507e-01
408           	4.139922e-02	7.467606e-02	1.045288e+00	5.640431e-01	4.812447e-01
409           	4.141121e-02	7.465544e-02	1.045504e+00	5.641631e-01	4.813407e-01
410           	4.146991e-02	7.462404e-02	1.046464e+00	5.647019e-01	4.817620e-01
411           	4.152487e-02	7.459675e-02	1.047347e+00	5.651985e-01	4.821488e-01
412           	4.157841e-02	7.457693e-02	1.048104e+00	5.656303e-01	4.824735e-01
413           	4.158549e-02	7.455863e-02	1.048244e+00	5.657076e-01	4.825366e-01
414           	4.162196e-02	7.451117e-02	1.049009e+00	5.661264e-01	4.828825e-01
415           	4.165655e-02	7.446533e-02	1.049815e+00	5.665642e-01	4.832511e-01
416           	4.169588e-02	7.443148e-02	1.050589e+00	5.669904e-01	4.835986e-01
417           	4.170357e-02	7.441034e-02	1.050775e+00	5.670910e-01	4.836839e-01
418           	4.174849e-02	7.437114e-02	1.051692e+00	5.675942e-01	4.840973e-01
419           	4.179062e-02	7.433529e-02	1.052550e+00	5.680655e-01	4.844843e-01
420           	4.183201e-02	7.430700e-02	1.053276e+00	5.684698e-01	4.848057e-01
421           	4.183774e-02	7.428617e-02	1.053420e+00	5.685480e-01	4.848725e-01
422           	4.186566e-02	7.423246e-02	1.054141e+00	5.689361e-01	4.852048e-01
423           	4.189068e-02	7.417903e-02	1.054873e+00	5.693272e-01	4.855458e-01
424           	4.191830e-02	7.413516e-02	1.055556e+00	5.696962e-01	4.858596e-01
425           	4.192274e-02	7.411135e-02	1.055718e+00	5.697818e-01	4.859364e-01
426           	4.194735e-02	7.405606e-02	1.056529e+00	5.702117e-01	4.863170e-01
427           	4.196865e-02	7.400493e-02	1.057294e+00	5.706155e-01	4.866782e-01
428           	4.199121e-02	7.396401e-02	1.057943e+00	5.709628e-01	4.869804e-01
429           	4.199407e-02	7.394087e-02	1.058083e+00	5.710356e-01	4.870474e-01
430           	4.200904e-02	7.388142e-02	1.058761e+00	5.713895e-01	4.873714e-01
431           	4.202240e-02	7.382313e-02	1.059437e+00	5.717409e-01	4.876961e-01
432           	4.203892e-02	7.377344e-02	1.060050e+00	5.720637e-01	4.879858e-01
433           	4.204106e-02	7.374798e-02	1.060196e+00	5.721389e-01	4.880567e-01
434           	4.205267e-02	7.368291e-02	1.060912e+00	5.725086e-01	4.884033e-01
435           	4.206105e-02	7.362153e-02	1.061590e+00	5.728560e-01	4.887339e-01
436           	4.207125e-02	7.357101e-02	1.062166e+00	5.731544e-01	4.890119e-01
437           	4.207182e-02	7.354593e-02	1.062298e+00	5.732208e-01	4.890772e-01
438           	4.207415e-02	7.347947e-02	1.062923e+00	5.735356e-01	4.893873e-01
439           	4.207445e-02	7.341472e-02	1.063535e+00	5.738420e-01	4.896931e-01
440           	4.207817e-02	7.335886e-02	1.064075e+00	5.741158e-01	4.899594e-01
441           	4.207762e-02	7.333188e-02	1.064207e+00	5.741812e-01	4.900260e-01
442           	4.207556e-02	7.325968e-02	1.064834e+00	5.744925e-01	4.903414e-01
443           	4.207193e-02	7.319171e-02	1.065431e+00	5.747872e-01	4.906434e-01
444           	4.207184e-02	7.313496e-02	1.065937e+00	5.750405e-01	4.908968e-01
445           	4.207046e-02	7.310852e-02	1.066059e+00	5.751002e-01	4.909593e-01
446           	4.206348e-02	7.303672e-02	1.066627e+00	5.753769e-01	4.912500e-01
447           	4.205492e-02	7.296764e-02	1.067179e+00	5.756445e-01	4.915347e-01
448           	4.204994e-02	7.290791e-02	1.067657e+00	5.758784e-01	4.917785e-01
449           	4.204737e-02	7.288011e-02	1.067777e+00	5.759356e-01	4.918409e-01
450           	4.203481e-02	7.280390e-02	1.068327e+00	5.761984e-01	4.921288e-01
451           	4.202111e-02	7.273182e-02	1.068852e+00	5.764471e-01	4.924048e-01
452           	4.201177e-02	7.267074e-02	1.069294e+00	5.766589e-01	4.926354e-01
453           	4.200840e-02	7.264320e-02	1.069406e+00	5.767112e-01	4.926944e-01
454           	4.199219e-02	7.256734e-02	1.069910e+00	5.769471e-01	4.929627e-01
455           	4.197524e-02	7.249492e-02	1.070399e+00	5.771750e-01	4.932245e-01
456           	4.196293e-02	7.243253e-02	1.070818e+00	5.773720e-01	4.934461e-01
457           	4.195878e-02	7.240437e-02	1.070926e+00	5.774219e-01	4.935043e-01
458           	4.193923e-02	7.232680e-02	1.071412e+00	5.776451e-01	4.937666e-01
459           	4.191907e-02	7.225351e-02	1.071876e+00	5.778571e-01	4.940190e-01
460           	4.190374e-02	7.219092e-02	1.072266e+00	5.780366e-01	4.942292e-01
461           	4.189886e-02	7.216301e-02	1.072367e+00	5.780822e-01	4.942845e-01
462           	4.187588e-02	7.208569e-02	1.072813e+00	5.782826e-01	4.945308e-01
463           	4.185242e-02	7.201202e-02	1.073246e+00	5.784752e-01	4.947703e-01
464           	4.183413e-02	7.194848e-02	1.073611e+00	5.786396e-01	4.949714e-01
465           	4.182855e-02	7.192033e-02	1.073707e+00	5.786823e-01	4.950252e-01
466           	4.180302e-02	7.184251e-02	1.074132e+00	5.788691e-01	4.952631e-01
467           	4.177748e-02	7.176909e-02	1.074541e+00	5.790477e-01	4.954928e-01
468           	4.175746e-02	7.170626e-02	1.074883e+00	5.791987e-01	4.956838e-01
469           	4.175147e-02	7.167859e-02	1.074973e+00	5.792382e-01	4.957352e-01
470           	4.172414e-02	7.160197e-02	1.075369e+00	5.794085e-01	4.959602e-01
471           	4.169666e-02	7.152920e-02	1.075751e+00	5.795721e-01	4.961788e-01
472           	4.167459e-02	7.146640e-02	1.076072e+00	5.797105e-01	4.963614e-01
473           	4.166803e-02	7.143890e-02	1.076158e+00	5.797469e-01	4.964108e-01
474           	4.163846e-02	7.136244e-02	1.076530e+00	5.799035e-01	4.966266e-01
475           	4.160902e-02	7.129020e-02	1.076889e+00	5.800534e-01	4.968354e-01
476           	4.158531e-02	7.122816e-02	1.077188e+00	5.801794e-01	4.970088e-01
477           	4.157840e-02	7.120127e-02	1.077269e+00	5.802128e-01	4.970560e-01
478           	4.154752e-02	7.112627e-02	1.077616e+00	5.803554e-01	4.972604e-01
479           	4.151682e-02	7.105528e-02	1.077952e+00	5.804927e-01	4.974590e-01
480           	4.149185e-02	7.099409e-02	1.078233e+00	5.806082e-01	4.976245e-01
481           	4.148462e-02	7.096776e-02	1.078309e+00	5.806389e-01	4.976697e-01
482           	4.145253e-02	7.089392e-02	1.078635e+00	5.807701e-01	4.978650e-01
483           	4.142071e-02	7.082414e-02	1.078950e+00	5.808959e-01	4.980545e-01
484           	4.139462e-02	7.076406e-02	1.079213e+00	5.810012e-01	4.982119e-01
485           	4.138715e-02	7.073851e-02	1.079284e+00	5.810291e-01	4.982549e-01
486           	4.135394e-02	7.066617e-02	1.079588e+00	5.811478e-01	4.984399e-01
487           	4.132096e-02	7.059771e-02	1.079882e+00	5.812620e-01	4.986201e-01
488           	4.129369e-02	7.053868e-02	1.080127e+00	5.813574e-01	4.987700e-01
489           	4.128598e-02	7.051393e-02	1.080194e+00	5.813828e-01	4.988109e-01
490           	4.125188e-02	7.044316e-02	1.080478e+00	5.814908e-01	4.989871e-01
491           	4.121815e-02	7.037633e-02	1.080753e+00	5.815948e-01	4.991585e-01
492           	4.119019e-02	7.031875e-02	1.080982e+00	5.816814e-01	4.993010e-01
493           	4.118239e-02	7.029497e-02	1.081044e+00	5.817045e-01	4.993397e-01
494           	4.114783e-02	7.022607e-02	1.081309e+00	5.818022e-01	4.995065e-01
495           	4.111351e-02	7.016089e-02	1.081566e+00	5.818965e-01	4.996695e-01
496           	4.108479e-02	7.010463e-02	1.081780e+00	5.819748e-01	4.998052e-01
497           	4.107687e-02	7.008184e-02	1.081837e+00	5.819955e-01	4.998418e-01
498           	4.104168e-02	7.001473e-02	1.082084e+00	5.820835e-01	5.000001e-01
499           	4.100678e-02	6.995130e-02	1.082323e+00	5.821684e-01	5.001549e-01
500           	4.097745e-02	6.989657e-02	1.082522e+00	5.822386e-01	5.002838e-01
